12.710747
16.345205
9.218633
16.454111
18.157017
18.040736
13.958812
9.471588
4.300261
19.447978
18.849140
6.601693
19.088234
20.085352
13.486190
3.225096
17.091926
14.314728
17.280184
6.387512
19.241279
18.903794
16.693110
11.235205
17.453613
10.432205
8.044694
12.033400
6.147594
10.673793
14.879857
10.771268
18.783622
16.417559
19.079325
13.601958
8.255201
8.633776
0.474722
20.067716
19.340420
4.670008
8.620239
10.677110
12.163903
15.024280
14.207983
5.468288
6.361884
8.564553
12.865121
8.580808
7.357986
8.963012
14.719717
15.472902
4.312145
18.403461
10.636895
7.726370
11.642156
10.586204
11.947673
10.077552
9.420636
18.273160
19.009252
3.771784
15.661192
15.529743
11.729974
15.383490
14.120541
6.141458
12.098220
18.529962
14.319469
4.836994
9.956650
6.038563
8.317735
9.818345
13.851205
10.221871
3.465428
18.375877
14.281596
6.919730
12.188841
5.945972
7.658907
19.451395
19.421377
3.075751
13.790261
18.439180
14.954892
6.970388
6.516380
19.840780
10.834535
13.680278
12.561898
4.045696
7.537037
14.888025
11.797766
3.031109
7.390494
12.050134
10.255941
13.745590
18.109939
17.234368
13.482742
13.992768
1.615701
9.018524
20.432261
17.215381
12.800885
17.667475
18.996917
19.847060
12.802991
2.745243
17.810425
16.648608
4.209937
12.958633
12.214789
15.124861
18.004129
13.662266
10.649538
15.794060
15.477740
9.114200
9.814862
7.403428
16.265467
16.315825
8.515489
7.709141
4.524441
11.929026
19.538175
15.876810
11.197389
12.646683
5.449794
3.740374
18.074833
16.652359
19.500707
8.576530
10.192824
5.230559
16.123462
12.866742
16.861018
8.422956
10.542260
6.967445
13.639536
16.890123
17.686704
18.715100
18.390297
3.248139
19.277678
13.660344
6.220230
18.486724
20.927102
14.506144
9.838205
5.995286
12.606088
8.281187
2.516692
9.369257
7.877485
10.821070
12.460488
7.724868
12.876166
9.205005
8.538075
14.106973
16.979086
18.867026
13.785772
6.015942
0.467674
3.658311
11.006716
5.827682
11.425808
13.215410
14.242631
8.131249
6.620102
13.564861
5.972720
6.773617
18.037815
16.788661
2.315062
11.114387
4.291692
11.691429
9.375791
12.926646
13.811194
13.848083
15.260911
13.460403
6.572510
14.018228
7.333075
10.859405
19.095294
16.261046
15.068202
8.579575
19.231269
16.503773
7.979771
10.749005
4.446900
7.611957
11.226759
8.847773
12.739865
11.538591
17.646292
3.175527
9.481515
7.908734
14.882516
17.722822
11.596358
5.624359
18.937160
19.279005
10.643570
3.631354
5.748917
10.694620
4.231581
20.356778
2.877634
2.803387
10.914393
9.863755
5.047010
4.722937
9.426336
19.581497
20.489078
16.843127
17.047769
14.719212
16.715028
12.535080
7.423654
11.439551
9.005822
14.870198
6.834291
16.556718
9.884074
4.001600
11.164350
10.725713
16.503013
17.618886
9.382397
8.083955
13.028416
18.897412
9.162845
9.228934
8.769284
16.773213
11.380970
7.701797
16.430884
13.809061
4.520293
13.064456
10.426978
16.987550
18.993716
2.553851
13.339313
19.249669
7.681755
9.783382
7.371972
19.009186
12.949065
19.467395
17.636690
0.893187
16.895287
13.534782
6.484770
10.085125
14.102533
8.335108
1.303476
21.203504
9.233866
13.327295
9.159790
17.651865
16.123793
15.239063
8.249198
13.336392
7.587533
15.929863
14.945110
17.673922
9.814406
5.646078
9.641285
11.683309
7.854094
9.014749
13.595682
19.806754
19.498945
9.699825
18.267568
1.795665
13.026613
10.194246
7.606213
18.733645
19.190424
18.756821
9.392486
5.112806
8.800935
3.569546
19.197823
9.605202
21.283503
6.136712
10.295654
10.179724
8.137755
20.841071
11.838061
13.659636
15.223435
13.669502
20.278780
2.667673
16.998674
13.303910
6.778559
2.217959
8.587865
14.981099
19.301246
14.310369
6.614264
10.364157
4.569902
12.498681
2.923537
6.125436
17.600709
13.805988
6.206106
10.701655
3.715255
9.980989
7.595570
9.513824
10.740305
13.360233
20.041953
10.112325
6.519195
18.084618
15.987501
12.374833
16.191298
13.309859
6.981327
6.619461
20.975032
11.856007
3.437835
13.567137
16.228389
7.972404
16.266533
11.884969
2.200752
8.832018
9.266539
5.458114
20.640153
19.557623
8.303929
7.372237
4.252583
7.490840
15.025509
8.755288
18.887983
15.810711
9.688937
9.529549
12.394192
6.468666
12.131396
17.870330
14.907683
1.516625
10.376351
6.055413
4.169515
1.889059
16.307932
7.247155
19.235306
18.748642
10.160492
12.561566
6.924864
11.242524
11.180630
8.868558
17.614973
12.478510
7.063790
4.892078
13.957637
11.692958
14.894891
8.309606
20.795782
20.167772
8.403667
17.572650
9.943809
6.278105
9.537858
8.333413
12.920696
12.156850
2.358343
12.152697
18.580425
13.037490
1.976212
8.306704
16.143235
12.332334
4.999431
10.397972
10.527857
9.644460
18.098436
10.620086
9.032857
15.040024
9.534161
18.943719
9.427500
5.673167
9.600478
7.293654
7.277107
8.518744
10.764793
9.902183
18.694990
13.566265
7.222641
13.930968
16.442080
6.241674
9.144714
10.599261
10.480870
11.609560
6.498354
9.829064
6.495984
16.140381
13.702068
3.896494
5.007614
10.059218
11.180746
16.564524
10.634850
6.069884
17.589113
19.467553
2.695703
9.278024
9.691707
5.947318
5.940533
9.132761
8.324387
11.283806
19.939752
16.996215
8.836662
15.930670
18.817063
10.040385
2.191494
9.429066
11.663523
8.409677
14.714854
18.267765
18.911705
13.442146
15.008148
3.209538
17.837821
15.022902
3.597986
9.752119
6.130123
1.321250
9.911458
11.908841
10.686273
9.875697
15.618892
13.405580
10.312343
18.986982
12.356410
6.051534
7.513381
4.501638
5.867313
9.610459
6.847660
9.909854
10.684563
8.146712
19.222511
2.810477
7.375696
11.559259
14.973061
12.939426
6.458392
18.398216
6.971926
11.215546
10.570408
12.977749
12.364844
5.155029
12.950602
15.196883
18.021761
11.533237
6.345013
9.046163
14.607396
11.910504
16.003682
16.174856
19.683522
15.383544
5.439065
10.410851
13.811170
12.302480
4.362418
11.657805
14.224289
11.661024
7.795063
14.669481
18.917866
15.753889
7.233952
9.865812
5.394623
12.843659
9.873596
14.395375
17.831362
16.563062
6.812244
17.185067
7.952663
4.813511
14.723132
16.513891
20.167259
20.054423
15.139295
8.895706
19.655138
5.974074
3.104499
13.212018
14.634420
6.128250
18.456330
9.547353
14.587122
3.811421
7.923903
13.609815
10.040189
16.663779
15.837735
11.580946
12.218946
13.754955
19.469331
8.838820
8.610327
19.333524
15.523117
20.015409
16.146291
14.615629
9.718806
8.491570
12.437621
4.689662
8.911263
19.872052
18.043972
6.999288
11.782509
9.438015
14.163981
16.780008
14.255817
7.118479
15.916372
18.296185
7.806583
8.756601
9.851973
9.005587
0.969618
7.921269
2.265715
16.466342
14.312088
12.414603
16.822898
15.117283
3.515559
8.654985
5.869381
13.750504
15.969034
18.653680
18.072607
14.220653
17.249762
10.335027
8.273460
10.043490
17.998001
18.255932
9.841233
15.817527
17.477911
17.388178
14.823607
20.213102
5.434503
11.639309
8.425346
12.983154
10.865934
15.261870
20.588303
17.704539
8.478430
7.194323
6.373564
3.187881
9.207459
19.266331
15.235221
2.241271
14.165399
10.925545
6.513329
19.821334
14.172328
8.417708
11.848887
16.764881
15.324237
21.021279
4.385977
8.638290
19.989151
10.679048
5.691831
3.619526
10.985603
14.786008
16.005228
15.823676
6.368600
20.002351
7.790457
11.269874
13.018711
11.827392
18.736737
15.839857
4.773124
18.240421
10.058240
12.994776
10.456798
2.910716
13.141635
10.576392
9.483113
15.045187
11.751234
15.856820
17.760631
9.723740
17.993970
12.954335
20.730867
16.053583
7.706885
17.586985
17.441622
1.852520
7.787063
21.367376
19.448029
12.617469
9.364150
18.352138
2.875062
10.856193
13.210733
16.831166
13.736318
19.068385
16.836885
3.394674
15.805667
14.235484
7.694270
10.343140
9.204624
12.613649
21.488110
18.405619
9.751775
8.626364
5.108739
9.182693
8.639676
11.439615
10.247605
4.667035
7.425020
7.310595
17.889457
14.167529
6.625471
7.364077
13.510736
15.873087
15.398984
12.286835
2.141809
16.307228
11.883781
16.870502
18.079362
19.732357
9.879165
15.064092
17.986595
16.063369
9.552186
10.247728
17.673791
15.517111
7.724109
9.602434
6.764734
12.138025
11.472377
13.548987
13.135793
16.813931
19.477872
17.181125
5.908868
13.005812
6.587914
7.493163
8.533723
9.492253
11.044852
12.895850
16.680354
5.405198
11.793836
11.516093
5.572741
7.012742
9.904385
0.722714
14.606433
13.959759
16.359767
13.011598
5.092685
3.727217
18.745764
17.637780
13.750006
15.601581
4.201480
11.534716
3.172905
19.265138
12.299075
11.939153
6.327782
6.095826
17.753607
17.424323
12.597637
11.575624
12.413049
6.242718
4.395766
13.700429
7.774631
12.025597
19.005714
7.832979
4.707838
17.680282
10.864210
8.040981
12.314919
6.685837
9.546727
15.318095
14.954768
17.127497
21.084314
6.575150
9.414139
9.106247
10.276717
15.650097
14.675575
15.879501
15.721153
18.083816
14.772546
9.623630
12.216290
2.614691
11.600280
11.686852
11.640301
17.797413
8.555470
9.940619
13.366134
12.742949
18.407594
18.398701
8.383366
12.248253
9.953832
13.359474
8.285090
21.427179
13.663007
6.132948
4.652450
19.434485
11.944679
5.758046
20.553686
14.839945
5.413877
10.778372
11.025584
16.758217
15.039669
10.512939
7.343599
1.833811
11.797517
4.486717
15.469266
8.993344
3.035804
12.302630
9.123714
4.154568
3.607282
7.789968
13.425298
9.877216
8.211938
16.912307
19.127422
8.640533
12.079673
9.234820
18.687611
19.706990
4.977130
12.105200
13.681909
10.376552
13.787607
9.994059
16.271280
14.544612
1.469618
12.944746
18.552842
7.753117
13.631785
16.026532
5.697384
16.200843
10.320448
2.389033
16.807489
18.962181
7.199794
12.627044
19.216611
12.053168
4.214543
16.991275
5.254488
8.001878
4.989821
13.387659
8.760139
13.503650
13.485763
19.250814
18.933994
6.648485
17.771543
17.009236
8.714535
11.822524
4.308511
10.765125
12.352576
10.408200
12.889407
18.004882
7.755075
6.334899
11.409885
8.141482
5.078880
9.647770
13.826397
12.761619
1.602016
13.609583
17.212554
9.572911
4.402251
19.303907
17.400394
19.867072
8.825681
9.745856
7.647030
20.139650
13.339233
4.662848
7.158972
12.480908
16.778921
19.118939
6.064376
15.598288
9.973869
7.670773
14.531915
13.603410
3.140649
14.716959
20.564529
17.432380
7.984596
14.203196
10.521552
16.561761
13.317963
11.313900
20.166405
13.004992
10.230225
5.161467
7.889937
18.463806
21.049969
15.021126
11.104391
13.742224
4.755818
9.098709
5.781375
2.290522
6.816202
12.059416
11.640052
12.196025
14.777515
13.113113
20.278257
18.879899
1.615573
16.942181
17.721752
21.432705
19.571809
9.669312
19.342666
5.424194
11.412616
11.291506
18.279166
18.781612
9.879608
15.921251
13.885430
8.373695
18.543551
16.256459
7.385123
19.364442
18.776684
4.772783
21.363214
9.047545
7.081649
20.226443
10.830789
6.880983
4.757986
11.693167
9.241136
12.322343
9.658468
2.171202
4.157967
13.566026
5.140783
1.653894
5.265309
11.833727
16.824889
8.022101
19.851030
18.858184
7.128770
15.625448
4.506924
12.389981
8.670046
10.815588
16.652678
11.878849
12.135923
12.195599
16.630329
20.719110
18.081796
10.866487
4.875264
18.831160
14.466511
8.265655
10.506343
9.490758
7.557812
9.007419
9.288241
13.388910
13.094008
16.237921
14.511223
11.127649
17.870865
15.851775
9.691156
18.321764
14.676358
7.322022
18.401031
18.040273
18.446088
8.136958
11.083842
8.900481
14.852613
14.133960
2.993904
8.369788
16.338229
4.991676
18.705039
17.817729
2.335764
12.646218
3.293869
20.057544
11.862873
6.132443
15.882184
15.193240
4.456541
17.147574
16.935401
5.637005
11.418555
6.314481
18.406983
15.009090
5.743959
5.875964
14.000280
10.162802
3.318418
15.071364
10.720933
5.971645
19.974095
11.024282
8.006304
5.947001
8.947318
13.545461
7.932179
5.497373
11.479754
19.833691
13.979835
5.912077
11.131291
18.186568
18.726190
6.508908
4.910331
10.744113
13.370702
12.208384
8.940961
6.112966
8.852351
19.469317
13.625507
7.633561
10.783091
8.642270
15.014771
15.009853
10.052832
16.325323
15.166933
4.044991
7.336254
0.675302
12.941464
2.022285
6.741967
17.887063
11.576150
19.176011
20.334831
20.364357
7.330786
12.460525
3.458152
7.125168
10.790607
7.865806
5.390203
13.685739
20.492214
16.782662
20.833903
5.463143
11.708336
9.789624
15.128915
6.849178
10.359511
6.336285
16.862146
16.594051
9.780672
17.477097
16.307469
18.509071
4.952969
19.420603
10.046241
5.294392
11.958523
10.925954
12.409992
15.982873
18.521033
18.167250
8.821929
12.988972
3.394688
12.925434
16.057607
8.727388
17.289720
17.664793
13.727181
8.645765
2.185615
19.490793
13.566085
4.154817
4.992427
6.343968
6.437216
10.211609
11.504226
4.023577
8.205344
7.764497
14.460173
14.265923
8.651490
11.385655
10.461137
5.828550
16.463994
19.911240
17.832179
11.768243
8.406871
19.731198
11.458346
12.735148
15.917902
9.646455
16.759136
18.295877
6.668476
10.263823
9.728552
21.215816
6.289789
8.158314
8.100747
19.697942
15.824550
15.114032
7.507617
10.436024
11.370086
17.359019
17.954722
3.811729
13.870537
7.014200
17.285109
11.003515
8.270454
19.054322
13.601947
4.908074
11.741368
18.919352
15.218073
19.521208
5.753389
12.039095
6.968369
11.979221
7.138516
16.551535
19.069706
3.960536
14.457398
16.137114
16.066195
7.240022
12.669403
16.618043
16.377837
8.603454
7.331945
8.082380
6.548252
17.060541
11.000073
9.882855
9.222396
9.940172
18.432236
14.341107
6.773951
6.440639
7.813320
15.980825
8.503022
7.694161
4.941024
15.599554
10.732321
8.645853
9.766556
19.333582
7.888135
8.030529
4.621662
15.736199
15.698160
7.595392
13.483313
10.891484
4.459622
4.459942
5.489319
8.125251
9.860010
9.499352
10.422115
18.037731
16.309191
8.205936
15.699485
9.545664
17.583987
18.443572
14.166382
10.202223
8.146240
21.146960
16.187538
7.781765
14.139412
6.116218
15.704102
19.519914
2.768715
20.154074
9.564517
6.142510
3.392092
6.920388
8.950111
17.206402
16.228227
19.459004
16.361692
6.123345
10.163393
4.577134
13.480639
17.169620
18.744785
13.315279
4.152348
16.121919
14.372853
6.674446
5.099457
8.296934
7.073012
12.964163
8.406536
6.299936
19.689108
8.226223
3.402822
10.265279
6.129509
3.756532
4.455069
14.354876
10.702957
8.695079
3.423966
13.486908
10.066249
3.463829
6.673414
10.111124
12.841679
10.758552
8.637473
7.792501
18.664756
13.642794
6.087618
16.862075
5.355489
5.510171
11.599915
19.406704
17.740904
15.311002
19.510338
17.262602
8.040431
4.514272
7.478702
13.326533
9.245192
16.015545
13.944750
8.929546
19.366898
20.218334
20.006791
8.804919
14.254598
1.064372
4.779487
17.963962
16.505056
16.739770
16.541922
4.907768
4.149031
16.566699
13.949410
19.823045
11.283498
8.498841
17.231335
19.484704
10.449597
7.853293
15.970104
5.644906
9.009004
10.553845
17.039357
7.241295
4.915729
14.185667
17.764484
17.677459
9.999193
7.311157
6.913400
7.174384
13.635136
7.785663
2.921125
7.457852
8.704605
13.253199
4.878123
14.724940
4.347189
15.990547
5.468316
12.421273
7.055407
13.335054
5.914367
5.780830
7.330201
14.610114
10.504076
18.101750
8.104185
10.110855
6.482436
4.955083
15.274981
14.028791
12.268852
7.884575
11.495377
19.707694
12.433955
19.864514
11.318996
21.788236
14.864142
9.669284
13.347076
11.234427
16.885501
5.983558
17.338887
17.576723
4.636507
10.219534
5.980221
5.105529
9.500986
17.270255
13.370482
7.998689
19.296756
20.225536
10.339715
18.535403
11.765613
19.734370
11.560036
6.889386
4.789610
5.463769
12.464318
11.911296
14.369682
7.703889
16.171271
17.212253
4.354106
9.377725
16.417549
16.375455
9.683452
6.953334
9.485910
15.671147
9.603619
16.309430
19.466715
2.128632
8.621418
14.410657
13.454659
7.364864
3.787058
7.663162
7.465219
18.634399
11.824739
9.145819
11.242213
11.163614
14.321210
18.997814
17.666166
12.897465
10.547840
13.910414
11.423975
14.122723
20.801646
5.181150
11.382940
9.915211
0.872635
7.000129
12.844748
8.140590
13.359915
14.135699
13.998022
2.800997
11.326242
17.795730
15.270028
6.210056
16.371583
7.949421
12.087547
7.880791
2.942472
11.124053
8.894690
20.892394
18.016590
9.558162
20.178604
16.243106
7.740501
19.224625
9.587159
5.260947
18.948299
20.275130
8.539270
3.506644
9.065908
9.465450
6.113112
9.948748
6.548421
10.793793
16.843997
18.391728
20.236310
19.067875
6.198719
13.544864
12.988982
8.117223
6.955011
19.969375
14.239348
11.850023
7.438992
5.101006
10.657984
15.664440
3.023862
19.119880
9.621245
21.802871
14.614355
0.393821
14.137361
2.672550
7.548738
19.179357
9.978263
11.150708
3.460954
13.720305
18.960095
13.945714
13.489590
9.110704
6.754842
13.359258
20.766671
16.645363
9.969239
13.935800
11.112211
15.427374
9.250415
18.956959
10.029066
12.228583
14.130226
7.744536
14.627164
10.458315
21.194551
16.456413
5.805607
9.169919
18.481757
7.293431
3.461280
9.971817
15.008513
14.588035
15.067803
12.207951
3.032829
12.313709
17.469353
18.094746
10.923779
6.111892
20.620094
12.689242
10.072863
9.632334
16.395584
18.608687
8.786325
12.360676
16.559677
15.334675
6.833945
19.369685
17.560428
6.183681
12.542284
15.815066
12.862745
7.416547
4.960432
13.379573
10.908093
14.783600
8.089476
17.360730
9.638070
3.296818
13.680794
15.973344
5.058496
16.726483
12.205963
19.238989
18.215973
6.459291
9.195480
5.754566
15.206115
14.919366
5.395060
11.153006
7.319476
9.656962
7.038491
19.394833
17.152941
4.454727
9.063550
12.002116
9.726761
12.217001
19.836322
15.062236
1.700842
12.180418
19.740218
15.432671
7.472693
9.708451
6.483097
13.907346
3.647484
17.258685
14.605493
17.773737
9.615967
2.459723
12.133183
19.022174
20.389247
10.564260
4.418894
12.837590
9.193962
19.338018
21.584686
15.015092
8.122079
18.779790
5.986606
13.840845
9.700991
6.449906
9.099510
4.403264
10.664837
18.257393
21.236909
18.542006
4.613758
19.976703
15.400244
8.850622
11.712450
2.193582
7.080588
16.703636
4.319903
3.281831
12.807293
8.603182
20.142988
14.411116
8.404437
10.148877
5.733383
8.979928
7.086616
14.795116
12.385488
12.663020
11.300312
3.705696
16.060892
5.947874
4.456739
13.468911
20.047426
15.569252
5.890811
9.028926
4.605275
17.449929
15.069199
6.893639
12.831179
16.988074
16.719890
6.702908
6.853227
9.994092
9.509777
2.205684
11.719167
18.989000
17.157492
3.737748
8.685768
16.333241
13.896190
3.073355
10.395383
19.627696
16.645284
14.124552
21.838772
20.038905
6.745600
12.064632
15.502866
19.661679
5.915545
11.896860
3.799556
3.436149
17.821615
18.168260
19.349924
10.722531
3.874859
2.780989
14.142225
16.596194
20.958790
11.193957
1.784755
14.221215
11.369112
10.945579
3.281285
11.001181
5.660558
16.779983
14.845442
2.679956
5.925116
5.607095
15.452091
11.035816
16.206103
6.893840
11.129172
12.558097
15.306256
20.921866
19.997462
10.716828
4.470641
19.744458
15.759660
4.936252
8.611643
15.665428
5.661204
4.723299
14.649499
2.907106
18.255826
15.653083
14.372483
8.166369
18.278079
15.256901
19.183655
11.920323
7.412998
4.705903
16.421953
16.000873
12.366558
12.438063
9.847986
5.630147
4.364025
13.869289
12.881843
9.769514
6.288959
12.897711
17.868611
18.116348
9.877373
13.958046
6.357366
15.132606
15.652296
4.814266
13.873205
17.698817
17.006374
8.091843
7.388522
7.558124
14.759042
18.840881
15.633754
12.278664
19.167471
16.493031
5.481512
14.271425
7.277148
11.970600
9.377568
5.305576
5.511478
7.158225
10.576005
16.076687
14.150728
16.357464
11.268418
8.624730
11.170506
11.601391
9.277662
15.310873
13.766015
4.647840
9.786942
9.405491
10.314325
16.482142
12.765919
3.329648
10.549438
11.077810
10.654276
6.617807
8.709657
10.211543
21.357884
19.835162
9.254067
10.779024
3.931944
18.215586
11.601184
8.721801
15.046294
20.499129
17.941517
13.301481
20.343052
4.093192
14.874468
12.046258
11.727513
18.020474
12.715591
7.941385
3.982554
5.776420
13.561248
2.112734
18.926614
15.788775
3.510502
4.980334
10.002173
10.778715
11.985069
11.467340
15.042243
14.314326
18.996443
13.466549
11.450116
7.548896
7.576995
10.506554
15.694372
11.953523
16.293801
13.629133
8.586094
13.618180
17.163191
19.590378
8.627768
16.599133
13.883364
4.561186
7.859729
20.214580
19.890710
8.523597
11.461267
7.680132
10.667574
11.362771
18.092480
9.926126
18.755841
10.715394
17.722825
20.042074
8.891015
12.502799
10.734248
18.462864
13.058922
3.190362
12.012332
9.746852
8.383678
14.002841
10.541689
5.780150
13.197808
9.963402
5.193494
14.607287
13.759780
20.746331
7.044473
13.440285
8.430951
10.971651
10.132891
9.458509
13.206923
14.714099
15.797249
14.516013
2.897073
10.025184
8.871582
7.730376
8.046440
11.955886
11.566315
4.081699
5.188111
19.869640
16.130633
9.590028
9.914787
3.545278
5.900588
19.126068
16.860903
0.172847
10.030846
17.099731
16.359710
18.298138
11.299045
8.939586
14.067606
11.846050
6.661064
10.846292
16.224900
13.415104
10.387530
8.760169
12.176229
13.068623
19.874153
16.587910
11.612479
10.266959
5.130780
19.712568
19.017921
9.730268
14.657072
11.168941
5.716745
19.835233
17.493242
8.980204
10.025402
5.542961
6.154826
16.818153
13.189803
4.507644
20.031966
10.186117
6.778002
16.106819
21.595992
17.061660
5.299484
20.236211
3.076299
6.529609
20.955033
13.612544
1.858050
3.318723
9.778452
20.068478
19.186513
11.424187
7.811418
9.039823
18.485725
15.603238
10.875988
10.766009
16.796686
14.381605
10.139990
6.703702
18.820529
9.268148
8.334124
15.202849
11.281491
4.193722
11.333125
14.050341
15.562867
19.151573
17.976074
8.670982
6.995884
3.333800
8.010875
11.505616
8.976727
7.414865
5.026046
7.948746
20.110303
17.028693
5.666571
8.680135
7.822831
4.547549
8.871081
12.677861
11.473540
17.809298
19.954287
1.635878
9.311275
18.752539
13.591437
11.367211
10.856970
19.155578
2.417522
10.151491
12.232252
5.117490
15.927002
13.434519
5.342489
20.054140
20.767236
8.680854
11.086976
5.919446
10.593872
12.498639
16.929069
16.147723
19.549037
15.201240
9.089931
17.236936
17.358275
14.366855
5.554912
11.140796
15.789961
18.656435
5.556415
1.910238
8.098714
14.585318
8.155246
5.453798
18.704114
18.257285
11.109525
18.929260
14.670830
9.230068
9.034791
6.332643
19.257195
17.900528
20.403773
11.934305
11.381662
13.060878
16.646975
13.707341
11.398289
17.084909
14.075868
10.058623
11.515270
8.598990
4.034017
15.457350
13.623329
4.565104
2.616798
9.735320
11.269907
14.686435
12.670947
3.673393
8.726120
11.119305
10.103834
16.453801
19.015778
17.287952
9.807372
10.374815
14.845735
12.578647
8.967672
14.561597
13.805156
17.789424
10.409002
6.769442
17.433176
11.053265
3.762705
15.641981
13.075871
10.773135
20.640675
19.830515
8.648933
19.148827
8.850454
8.226759
16.593190
17.694247
17.005303
5.138045
18.361549
2.976502
5.271909
5.026592
11.709684
20.706540
19.032381
13.991203
5.777856
10.953603
14.296743
13.396735
18.042659
18.797821
18.337638
10.364630
19.595601
7.879503
12.204787
15.955104
15.450176
6.731705
17.673131
17.239187
11.584307
12.598503
17.429459
11.872332
9.705149
16.667669
14.896804
7.928170
6.162252
6.208954
11.079956
10.155800
14.261940
15.346861
19.044362
19.840040
18.787547
8.109087
15.242637
9.485221
8.032827
9.412778
11.201221
11.169996
2.991335
9.603475
11.520068
16.109908
12.665314
3.730322
17.773153
11.627725
3.813467
20.532459
12.894765
9.069430
19.606343
17.266617
11.374570
5.499807
12.682394
6.627607
12.784239
5.582898
10.712213
11.889807
10.832234
9.894324
15.731593
13.715327
3.763501
17.983986
2.018441
12.594315
10.716133
16.743582
12.431913
19.281873
10.414650
15.553569
8.797941
3.501019
7.966721
8.261290
8.335636
18.220579
10.460399
8.228790
9.387233
16.522587
13.797910
10.668686
11.559449
20.560351
20.314472
7.248886
17.662697
16.431794
16.625607
15.517477
10.550093
12.157958
19.083665
16.541509
2.782706
8.233751
13.076220
1.427469
6.095433
11.903660
0.779852
19.613574
14.581414
8.212179
9.951195
19.988422
12.392189
5.358521
7.984028
17.209063
3.431047
2.280592
9.678706
12.697010
13.259678
12.768204
6.259182
15.730045
16.098046
4.885162
19.477533
17.603136
3.881548
9.343271
10.228148
11.337553
15.255040
9.262720
18.616082
10.075973
7.121278
14.542591
13.092506
14.585560
11.726980
14.881244
16.524835
20.478725
11.540099
7.073549
8.135549
10.907062
19.443577
3.540476
7.315941
14.426237
10.130881
11.384948
15.789879
11.985835
6.653066
10.354500
1.723393
16.242364
14.900221
17.043372
10.820679
21.091551
9.684766
2.430923
12.739050
11.059517
8.738062
14.152933
8.828499
17.282151
3.663170
7.660684
7.503675
12.754596
17.222680
6.524815
9.840663
8.341111
5.317884
9.319001
12.743696
14.867642
5.396185
10.699867
11.132242
12.785845
12.419933
5.897465
9.912273
17.331846
16.146954
7.230847
15.367318
14.454013
6.543580
10.860513
6.339251
13.672393
20.525014
5.744221
10.800580
3.932055
19.315035
12.392560
14.079597
9.147040
2.298287
14.141790
17.429141
15.906460
17.449595
18.317791
9.483342
5.630506
7.993923
11.753393
8.983510
4.518420
8.573965
14.418163
5.293653
7.330920
12.299187
11.497813
6.790323
13.835360
18.355902
17.490662
12.670178
17.572343
19.094280
20.317431
21.253976
10.272740
10.178736
21.424275
6.417795
8.064975
3.460716
19.592715
14.475366
7.458050
14.573583
11.560322
6.724308
7.466680
14.788811
12.663225
2.297383
7.478240
3.796009
11.463630
17.988266
16.811483
4.823627
7.602997
8.467556
16.784944
8.990191
2.506969
11.856240
9.668857
15.640035
8.739345
1.431571
13.620360
17.335042
19.124905
17.421368
13.474038
17.157030
10.132021
15.035420
17.398306
17.882415
9.679463
8.399170
20.955564
16.070687
9.335407
13.453160
19.630168
9.912357
7.640602
9.479787
9.002560
8.113663
7.594432
4.723137
10.762415
2.980754
21.921524
19.398993
18.602082
17.821852
13.503400
17.055910
14.452123
19.644639
14.432264
10.354091
15.220982
16.588600
5.795808
7.501974
4.366821
11.157190
11.127856
2.701075
14.707486
12.717610
9.493397
15.288942
14.741564
17.094719
18.969341
19.725930
8.806963
15.146799
19.356471
18.587698
13.087467
9.884327
7.350270
11.614967
6.733608
13.919205
19.464535
8.966098
5.057528
9.171422
19.530132
9.987120
4.266465
12.070166
9.981247
16.663479
15.210105
13.435991
16.129589
17.451129
18.907815
18.668775
3.690938
16.495983
14.716674
10.950719
12.588296
15.430077
19.322445
18.409448
8.589263
12.862794
7.987724
11.270581
9.412070
14.695322
10.142137
3.699757
8.168463
6.891192
18.606362
20.386460
0.707538
11.315493
9.454668
8.615969
16.461583
11.891299
12.084541
11.986094
5.039189
10.042214
3.572348
13.238980
12.944030
10.073742
8.213866
8.747713
18.356672
13.715838
11.540726
18.585082
12.099164
4.317016
19.127555
18.270779
13.597571
20.166615
9.736515
10.439610
9.025045
4.683121
9.705231
11.613460
3.164011
18.813820
9.532356
7.229734
21.343452
14.881298
4.738366
5.595890
4.290657
15.446792
21.569013
18.367938
9.904971
6.165044
14.462498
21.008933
19.084823
7.700545
11.537685
5.727645
17.709733
14.386036
19.950174
1.613374
10.426984
2.935159
17.874993
16.614571
6.147950
17.650158
5.756628
12.303183
19.485519
4.100576
9.859552
17.490797
11.889717
13.259376
15.626878
13.442167
5.659121
15.182305
17.959231
16.152590
13.038403
16.174857
2.255340
18.290752
15.012807
3.759017
3.928695
1.712624
8.232109
15.063591
16.477512
16.801054
9.464936
3.281793
14.602963
18.065699
8.575848
9.670750
11.211111
9.783737
3.806318
18.154014
12.353400
19.116610
9.959102
7.006343
16.590417
10.411336
1.104229
5.301954
13.553092
15.964580
17.480510
11.732734
13.021372
6.587753
16.585250
18.613337
7.018352
22.139068
14.094521
3.742078
7.674020
10.980404
7.873496
11.718174
17.265316
17.465765
18.940424
17.737110
5.793352
6.631960
15.958514
15.300901
6.026692
6.205554
16.908711
15.773433
19.477913
17.340079
7.763862
9.742181
7.525109
7.045049
10.214553
8.061678
6.704147
17.511694
15.561892
8.185760
8.756945
14.951616
18.714341
7.231317
12.577283
10.720067
11.039207
9.307490
6.293066
7.780955
6.796117
7.550617
17.590485
15.340522
12.026273
9.048713
15.070356
13.182116
20.148141
3.909225
11.543686
5.557992
4.385616
8.254028
11.267999
9.862552
10.173703
11.008344
16.551674
13.336361
4.665125
13.564595
15.367794
15.667416
16.237759
14.613104
21.840785
19.347736
4.837472
4.800785
20.488805
9.888833
17.934679
18.115862
21.798677
17.047214
3.809459
9.682729
8.923739
5.877237
20.652757
18.219836
4.060040
7.100465
6.777905
4.370791
9.108767
18.036891
19.333301
7.917894
20.156450
14.718257
3.229889
12.657545
9.861512
13.577023
5.133376
2.393232
13.164996
11.485705
7.732770
5.814205
8.389192
14.415667
18.453205
4.442127
5.939720
14.004063
9.323080
5.234689
5.919314
15.256954
13.786896
19.972434
17.912964
0.649136
13.787966
6.751755
20.984756
20.727705
19.062762
18.783145
6.756655
17.567220
10.325903
13.623771
4.811078
12.724513
5.332550
21.584654
18.171517
9.294836
8.754746
8.139920
10.733485
12.734014
8.204016
19.280051
14.151095
9.117645
7.376960
11.197705
20.463032
17.100693
5.177252
12.649008
17.927719
14.894328
2.995265
12.572218
16.818376
9.331512
2.543857
4.474582
6.318710
14.765443
18.208552
16.026200
2.781951
14.160599
17.596148
8.365797
7.576115
5.069799
12.846540
12.422436
13.366767
9.582492
16.439817
16.681867
3.636839
18.606499
12.917581
10.705798
9.228097
17.322573
5.667604
4.591229
9.621845
13.296307
16.918042
18.902660
18.494743
9.639054
16.091708
13.363384
10.948189
8.574043
10.284996
16.991517
10.327377
8.664101
12.542203
9.936532
10.822667
18.016058
4.813267
9.004102
10.940511
20.385178
8.799414
9.684213
15.700398
14.291570
4.037521
16.512543
13.326178
1.890526
9.366992
10.401257
3.347287
12.568199
12.371094
13.104687
14.599273
10.889453
20.098481
17.710589
10.783132
19.499402
16.502576
2.865478
16.918478
10.312675
11.365538
15.703817
16.329830
4.508778
9.121702
10.888739
20.584225
12.027552
20.861756
4.682471
11.971779
10.361549
19.058633
3.233030
6.037027
15.026211
12.399274
7.254937
19.444633
8.143052
6.297866
16.335554
11.672373
4.152479
19.109567
18.052231
21.642510
19.920537
18.281225
14.491199
15.790439
5.803428
3.245122
3.273284
8.595664
17.974324
16.120219
9.347952
6.224477
4.159584
9.474341
9.727126
9.209206
19.421780
6.977294
4.886082
14.652244
9.974930
18.914259
15.352767
2.726867
12.094259
8.719305
18.551181
14.659338
5.694482
3.568324
7.646779
1.872871
6.169286
18.704072
18.086992
11.205905
11.505967
19.868791
19.103708
7.175441
20.135153
13.738378
14.263411
9.158517
12.396784
20.459440
13.321097
6.729395
18.367393
7.317588
4.772607
13.277592
9.670811
16.255625
9.050588
3.714018
15.100854
9.335996
10.608251
13.634801
12.001297
4.134035
15.662571
13.781091
11.093502
9.838354
4.872851
9.918708
21.328378
6.062656
1.062011
8.587292
9.422263
12.081438
17.508067
14.660202
7.051990
0.684439
7.135889
9.580502
16.097199
20.505512
17.559615
2.765864
18.836415
9.343067
10.097227
9.806804
13.232662
20.308727
5.811978
10.483670
8.995964
16.650718
16.046867
2.588911
10.189770
10.933809
18.265932
16.046103
7.298658
15.451727
6.778668
11.777839
19.184377
13.972680
13.099614
0.664312
4.067535
13.296661
11.905937
14.160116
19.695005
14.282298
10.484718
18.794106
17.682144
8.507388
19.946365
16.294981
5.047914
15.269297
18.490830
4.483833
6.497888
8.335156
20.806454
18.917534
15.105872
16.003844
10.330962
11.083019
5.388260
7.180115
4.512077
12.371988
13.517771
13.832219
13.760185
9.677831
19.380634
14.842176
20.656104
14.884845
17.061332
16.552145
2.383624
15.560176
13.716166
6.355062
10.144391
19.060496
11.097023
5.465307
9.737026
19.023782
21.628308
6.735858
6.209856
14.744856
9.309995
4.775952
10.045756
13.907782
10.528397
17.044112
15.131766
10.775568
7.577137
19.856916
15.063717
3.671693
9.036646
17.162930
9.941453
8.412910
12.852720
3.877657
19.059629
13.356267
11.834119
20.529273
15.445549
6.905953
19.238107
6.308102
19.549225
19.350038
6.980616
12.181427
2.747666
6.256868
13.661983
15.350243
2.067405
9.618241
17.197873
9.657555
9.440267
18.662693
15.038923
4.902631
14.499402
5.546976
8.973689
10.771039
19.953797
12.570861
10.208009
9.754646
7.791611
15.658462
9.516200
6.537159
11.357343
13.869069
9.321593
5.486219
11.732857
15.472837
4.187009
6.385385
10.246459
15.273722
14.078380
11.778330
9.747289
17.521808
12.044258
6.834687
4.012592
15.658820
9.052724
3.389069
5.512354
7.733278
7.060152
19.445345
9.703989
2.355225
8.307005
17.531605
10.695904
6.160092
12.093934
13.648913
8.564751
18.447067
13.413360
12.644237
8.385258
16.860163
13.688253
8.222876
12.724242
11.469078
18.156021
19.165165
9.508834
12.474894
4.744969
15.627991
13.289195
10.711420
18.191902
8.115610
10.523464
1.563877
10.921256
10.051314
11.263954
15.776255
11.775819
14.901183
11.952303
4.124358
10.882576
14.178848
19.912715
14.104536
10.173294
12.119794
9.121516
13.238896
2.591513
17.523748
17.279045
20.783461
18.231718
5.130941
9.154514
15.718573
10.883923
3.130482
13.581623
3.109518
15.138695
14.393959
19.050011
15.745090
2.994441
4.115493
8.908162
14.230367
8.183538
19.753370
16.449877
17.262200
10.394439
5.001489
17.778281
8.166274
13.960245
13.119655
1.659885
8.758361
18.227075
17.372254
8.751275
11.982095
9.940788
6.251156
14.475228
20.722415
18.218022
9.750204
7.765905
5.479409
7.327961
7.858147
8.976064
3.746922
5.304825
11.201983
7.116113
0.305872
16.462486
15.097508
3.401157
6.733906
0.675664
12.286533
2.683239
15.943262
18.180212
17.632994
9.904875
4.992404
3.380848
10.903097
11.473287
4.491672
9.062571
17.107427
6.441071
11.361762
8.975123
10.171140
18.230465
13.681738
10.383679
9.485338
9.728972
11.952515
10.459257
21.827652
16.256913
8.590695
12.309225
6.469689
11.612789
15.001589
13.100990
21.090351
19.026441
16.791567
10.272517
11.767016
11.284765
4.271054
20.481667
12.164597
12.933489
14.705253
15.291208
18.454139
16.039609
10.653199
1.636041
8.773507
16.760346
5.057652
3.628083
15.641438
10.550366
5.754318
12.687709
6.696771
20.497768
18.037311
2.322065
12.576519
9.447534
4.338926
15.179422
14.098858
8.704084
15.402903
15.748849
16.406868
18.745840
13.486123
16.001123
14.427073
16.541903
7.591893
9.246840
11.614399
10.162078
5.726076
9.545899
10.824816
19.008757
12.051067
7.840369
10.868160
11.098156
4.839034
8.781533
5.491899
9.469141
15.241030
15.214530
7.442686
11.614776
4.097204
16.461191
18.301821
18.186529
7.266293
8.379245
10.156146
9.742515
3.963664
11.133899
17.580317
16.990944
7.803861
13.288355
12.780548
18.543840
12.094433
12.596680
9.761225
16.057199
10.161405
6.475651
21.555062
19.646730
8.991701
4.019803
8.572843
17.156070
12.260909
18.158646
6.516363
6.253189
6.447313
6.117925
12.517645
5.741301
5.998932
15.899018
9.517904
3.559554
10.496488
10.205081
9.004629
9.793053
11.583049
14.709186
14.442182
11.140966
6.524933
11.191887
18.513260
17.078626
3.917869
15.049711
12.576315
16.892721
16.648858
5.889580
13.921489
8.999249
4.012146
17.610916
15.762893
20.482185
6.940446
3.826761
4.969378
13.101825
11.243945
3.308027
12.040696
18.059359
16.468532
11.612407
12.149058
12.058137
13.405646
14.969727
14.581200
11.249740
14.634782
12.587257
6.990781
20.225037
16.255313
10.881429
12.898617
10.012894
5.395239
15.160235
3.300284
18.392922
7.830653
4.028075
6.154119
9.158594
10.143818
14.983351
19.328660
0.472484
9.705714
14.089347
14.652455
14.473485
6.607481
8.861085
8.564857
9.163821
17.551465
19.803963
3.561299
16.727777
3.136759
12.925935
18.913058
17.946192
19.524026
13.027103
4.755879
9.668193
1.062298
8.487020
19.118833
9.587295
4.825382
22.008718
20.882611
11.263627
9.892172
9.499479
9.229292
7.843368
20.669725
15.496844
8.717173
9.624145
19.914360
12.258396
5.329823
19.125451
14.156783
17.088264
8.452296
3.419398
11.764480
9.114960
9.335438
16.534607
12.870617
18.563051
19.861213
8.320661
14.353624
8.654396
18.403515
9.147518
10.825804
12.183467
6.454142
13.934839
19.452925
6.733486
11.007672
11.115530
1.199491
11.502669
9.841519
14.836171
16.200300
11.833293
4.119117
9.833220
16.500992
8.159493
18.878963
14.021987
6.429497
14.535047
5.860286
11.113294
11.215220
19.057951
7.222059
6.826100
13.542742
19.476277
14.117957
7.165139
15.622036
6.563676
16.191016
12.979525
5.482438
15.697199
16.530633
17.981449
17.119652
19.543232
20.119719
20.530691
10.244560
7.619025
2.638743
10.053867
10.554135
19.567864
9.687266
5.278618
9.486622
10.184936
5.353041
15.438047
10.958566
19.140549
6.695936
3.705894
11.620720
17.387687
14.889081
16.204671
10.161635
12.240442
9.181364
9.926191
8.443925
17.129243
17.946867
19.279731
17.086589
15.818064
9.887599
17.877835
13.467815
8.278607
9.407737
6.279247
15.812868
11.867965
10.369421
3.416465
10.117497
5.741580
11.661990
8.758322
11.860835
6.246315
6.120728
5.816793
14.316136
14.909822
5.853152
6.488449
13.735432
10.661141
14.372742
13.559228
15.357822
10.925220
6.463533
14.711382
4.286359
1.982821
8.481167
20.597145
15.855721
5.623291
8.189369
17.085417
13.468781
14.829283
10.281344
13.521051
10.102011
14.699245
19.359019
0.801482
14.621968
14.841758
16.428483
19.543484
3.026409
6.287870
13.741372
7.028858
3.558794
14.831820
6.043024
7.011426
15.478068
4.128349
19.117875
7.260153
6.076304
8.117392
4.128906
15.725556
16.693894
8.653781
6.552024
8.313775
5.488777
12.738314
14.500165
6.776806
14.815813
6.918625
12.994501
13.516487
12.326795
19.275286
14.483100
6.548867
21.693892
17.743392
3.988445
6.188826
3.740612
17.760591
6.625065
9.405420
20.178500
13.527529
10.976906
8.411066
2.835319
15.703403
19.870899
2.676578
10.546876
17.528137
17.026786
3.599131
18.981187
18.309784
16.079537
4.727416
18.178320
10.059241
10.238486
4.625827
17.528693
17.272764
7.646985
15.922417
12.075966
9.885439
19.010585
11.441047
9.732554
13.707148
10.429757
2.417542
8.781406
5.875663
2.976198
21.366932
9.335276
7.426565
18.138587
8.877999
3.999320
18.792072
10.952022
4.622829
9.351108
11.965527
11.590511
18.029136
14.860810
2.679578
9.532448
9.245690
7.406422
13.998626
10.227494
6.081962
15.299002
9.163237
5.511402
1.763035
3.486259
7.912966
11.085972
10.851650
11.357644
11.022235
9.027858
18.036792
16.368846
12.107217
13.964465
15.418576
16.731390
7.953363
19.439254
12.583916
11.255029
13.749664
16.118695
12.495578
0.114018
9.378162
13.239357
9.222735
16.388697
17.700631
9.046029
8.711709
11.676165
14.291524
14.957210
8.293581
21.325161
18.309469
11.042990
10.060481
17.190435
16.409399
0.473596
12.606462
8.718780
5.146046
10.638392
10.520114
12.556491
15.629892
12.809848
5.304350
5.592884
14.658968
16.915112
17.010282
6.466040
1.333440
9.879194
14.017840
10.915455
9.941100
8.516450
14.056978
11.735676
14.553129
15.125035
16.007948
16.099008
8.113815
14.624534
18.272842
19.567249
20.728259
20.905807
21.190413
16.651763
8.026138
16.150954
14.459256
16.643599
7.604329
17.973570
20.614755
11.422114
14.629294
4.827021
19.086301
17.277086
2.740713
14.134467
20.162978
21.558383
14.097261
15.418806
18.640242
15.722271
12.738661
15.572616
0.369148
14.039479
14.046217
16.696098
19.335389
16.172273
7.377917
7.654356
6.639956
9.177302
16.513013
9.938929
8.899216
11.735565
20.156715
13.623969
11.409825
13.283543
14.820844
16.956937
5.241084
17.216316
18.748231
10.831567
13.234736
12.819177
5.300018
11.753019
19.070354
11.735388
19.469093
14.814050
13.833197
11.465599
12.350185
17.050890
13.425786
8.416860
11.492577
8.348996
0.942860
5.510493
19.764621
18.163525
9.748749
6.230506
2.543419
11.154243
12.956653
7.056802
19.306123
17.094101
12.010903
8.688358
18.709904
14.771657
9.166918
15.967924
12.805847
4.315951
16.449348
15.308379
18.463383
20.123339
5.021813
13.457649
11.145693
16.801539
18.452157
19.547914
18.994633
6.281280
4.385681
18.331304
11.684100
18.420277
14.504550
3.146834
20.165600
18.534526
9.019217
7.864154
8.595353
8.442533
11.325467
19.801837
18.371231
13.124726
20.956804
20.093834
10.905307
18.917053
13.958962
6.047845
15.893468
10.015484
9.353978
13.495887
12.359156
17.621675
16.922434
11.968225
10.452988
12.251098
15.155656
13.373919
16.807395
14.600396
9.043354
19.207474
8.356124
2.777669
11.104295
12.303398
12.025569
14.972570
1.028581
19.538493
15.158492
14.820044
9.915744
16.405081
7.938473
0.472523
20.666934
19.271263
16.347405
9.609200
11.185440
1.134014
9.700072
7.482616
8.408291
10.218751
16.958526
4.906883
8.311492
8.526802
18.785348
19.265172
18.975363
9.846855
1.086459
9.735892
1.868231
7.304529
17.172264
19.714181
12.691916
8.220944
12.572627
17.560226
15.956520
5.651249
17.944696
12.976936
12.331474
11.418262
6.616427
9.513770
4.879244
10.004646
9.984248
6.241430
16.424474
18.847164
5.306754
14.720788
7.264272
9.258640
21.780516
11.389591
2.938875
8.500970
12.518162
18.863463
12.897447
13.816944
18.567868
16.548215
8.711166
17.749814
15.212431
7.558418
12.717774
17.987331
9.437943
21.243871
13.676380
5.835574
10.131213
20.759478
18.285127
13.105040
8.546753
15.224173
13.179290
18.930448
17.501776
5.076444
6.118339
14.442219
13.374197
5.784218
5.883265
7.947075
17.213881
8.531131
5.871725
10.115486
11.518794
6.336195
15.586393
16.129725
7.626260
3.061024
13.120225
5.587296
18.803234
14.917215
1.561525
10.267766
2.458165
14.212551
18.936846
11.902746
10.885376
10.375624
15.860899
15.408220
6.702746
14.527706
15.522383
18.544417
18.845935
10.279267
11.178123
6.793970
19.635807
17.234307
1.958259
10.852324
17.848548
8.234879
7.737530
16.494824
11.422448
7.567539
11.772893
9.108858
3.185520
9.099455
7.211268
17.952101
3.392197
2.500762
12.998806
18.829426
10.708282
17.430387
19.424063
12.251451
6.288251
8.321103
5.213827
6.651867
20.254513
10.496803
6.059707
7.407533
4.127655
8.110529
16.266473
17.474258
18.046293
9.229708
12.127593
6.976213
19.787791
15.370292
9.808794
7.267992
8.642920
15.054791
14.691354
8.863788
12.686579
13.209494
17.206815
8.009697
10.501437
21.178888
14.607856
7.387882
14.903973
10.941283
9.381375
8.241942
9.018960
16.195954
17.021091
5.205919
8.959150
3.412562
19.566824
18.138629
3.837118
6.887579
17.675855
20.675261
17.399073
5.864031
7.091285
6.273658
9.004168
15.985539
15.603713
7.423443
9.374627
12.943443
5.976111
7.697977
14.881042
16.868413
6.729823
14.631231
10.894646
19.801858
21.380960
5.551094
2.603680
12.095681
20.294528
13.993151
12.856535
16.988028
15.820844
7.957988
9.994826
8.888599
7.356364
9.353172
21.807973
14.815712
5.745747
1.884895
10.885235
12.903341
13.131860
15.861833
14.107711
19.077161
17.162395
11.043352
4.556857
13.927324
9.473237
1.790115
18.073485
19.186344
13.171586
7.911347
16.668065
15.688248
9.733323
8.315484
2.562277
16.149755
19.722368
18.109792
15.198056
18.654547
6.374219
10.009687
19.633863
21.998054
20.260665
15.972981
20.400702
17.207280
16.262740
10.451862
5.866881
14.911380
20.404569
19.033063
12.158802
10.236513
17.829459
13.767174
6.854681
7.644285
4.771274
15.902002
9.308434
8.114619
11.994540
19.888437
11.666975
8.071806
18.888729
8.136480
19.846701
9.390641
4.015149
10.432120
9.651076
7.241358
17.182871
13.556672
16.492557
8.037813
14.479965
13.683734
11.940356
13.767134
9.675541
4.237121
8.783818
7.591876
5.447541
16.215655
19.873595
3.368761
4.483580
18.738815
7.658664
19.735104
15.310544
1.643642
7.208332
15.147498
4.321054
5.590690
19.072350
16.424802
3.664517
12.993239
7.576908
17.950481
21.869886
0.711857
10.496947
7.806498
7.279248
4.761257
7.997662
16.686912
9.588751
18.337120
17.890299
3.804803
17.105435
14.851553
11.998305
11.160505
10.148904
4.468327
17.896507
12.945323
19.526097
18.355891
11.637834
19.185318
20.221664
15.601422
21.023216
20.186215
2.868713
8.548103
1.168635
11.788425
14.258021
17.282246
5.638158
20.330983
9.046890
1.218340
10.463302
11.132542
14.723696
12.056074
10.988296
8.235480
5.487426
14.147069
19.299703
15.594735
17.455320
5.661142
9.818353
7.483786
6.118492
7.732039
14.070342
8.621885
18.079013
18.733383
13.879774
17.377873
17.305255
7.622959
5.674684
16.273197
8.227262
3.419338
13.042238
17.436135
19.921341
19.156825
7.075034
17.383924
9.334251
15.888897
14.586856
5.249931
1.602933
18.543862
16.902063
13.780428
9.053552
18.571144
7.018721
7.508038
6.880920
12.044728
11.969757
12.397056
18.415739
12.576167
13.699174
6.025127
8.376239
3.877055
19.141164
3.663685
6.676178
8.284832
19.067897
15.376565
7.735022
7.045992
12.478364
16.241325
4.018412
12.304230
10.322285
2.037762
7.638105
15.873246
14.531980
10.496596
18.457910
3.847217
10.739682
11.372605
19.317553
17.851595
2.818589
10.417795
0.713457
7.087059
20.408749
11.601434
13.114503
10.961878
18.565453
9.022409
7.701099
8.824181
9.298321
20.071493
19.136484
6.549666
15.737929
8.947521
8.806196
18.784674
20.126574
19.794257
18.522550
2.390603
12.550320
6.577280
3.247949
15.203344
14.584129
9.905514
10.579744
15.190974
17.437798
5.244076
9.476136
13.891728
7.487137
2.502559
19.979043
19.709420
13.368141
3.323371
7.597082
6.211128
12.889023
15.689638
14.358972
18.024070
15.822010
13.145813
6.841736
18.637743
11.891349
8.038189
7.453836
16.744706
12.675639
11.884260
7.237318
11.937109
17.761317
5.907932
19.919170
19.502019
16.592011
9.064273
2.971956
16.810743
11.246340
20.089091
7.925968
8.457781
12.505625
8.528457
6.304264
14.549511
9.972691
6.633716
9.398423
8.617950
15.207064
7.602932
3.943634
5.399797
9.739001
7.196643
3.494793
3.978411
9.761784
3.578993
18.955601
18.763728
10.649197
11.586138
13.397997
11.392901
13.608550
15.888996
8.780880
19.262724
16.956326
7.965563
5.345995
11.782704
18.572079
20.205558
9.678598
16.162069
14.511856
4.108280
5.061084
17.226819
13.484900
14.382465
7.324382
17.590079
21.914912
12.033201
12.695376
10.017666
15.475120
15.057078
19.954043
17.413106
8.717382
12.238088
10.305885
9.581847
14.268506
18.716644
6.739636
10.300296
9.906006
15.611325
13.858532
4.049938
20.228384
13.447273
13.291947
14.205753
7.326388
8.134055
9.605237
18.106002
11.002788
7.552015
17.833190
11.451142
5.160695
18.224262
18.611579
7.638348
17.519269
9.089887
4.258297
13.548321
13.464810
12.268551
5.686391
4.087647
4.731151
14.563918
16.002004
18.082919
16.054320
2.503025
4.983331
6.673551
13.941222
11.047187
6.224537
2.440560
10.111586
11.128139
18.049653
3.811341
6.806656
1.701032
6.538635
16.362314
9.119187
8.625123
7.093771
17.835785
18.157974
19.847202
18.808605
7.401956
7.830165
13.643652
11.534100
5.680255
10.408030
18.473332
14.271916
17.303896
18.356106
16.171057
1.459995
17.056476
19.936250
10.940989
6.218598
8.097536
5.569090
10.515816
10.436107
10.929254
10.332159
14.595675
11.620770
6.231583
13.560852
8.387263
4.083853
9.902745
6.338630
16.474386
10.710663
19.321223
7.383687
20.573182
19.525701
16.407894
7.246309
15.414951
4.807893
13.022704
18.235114
16.168805
7.096072
2.911251
11.513354
16.669572
15.892487
20.659696
12.420620
10.085018
11.598906
5.772271
7.879517
13.827015
15.650596
18.075926
8.520835
14.347950
14.007030
5.398343
7.756366
17.701958
15.633328
11.141087
13.011917
6.367133
13.899853
6.303906
15.816478
11.189980
2.671481
7.098764
8.632761
10.029270
8.780508
13.169044
13.050663
5.600579
12.818967
14.607500
16.177074
11.363132
4.673330
11.172242
7.455394
15.850637
15.668121
16.269309
18.681851
0.611176
12.382417
7.218444
20.653606
17.097334
12.969640
13.238426
14.737146
7.713390
6.989432
20.738283
14.613928
5.623480
9.844392
8.218550
13.658638
4.028779
9.363634
18.644333
16.558774
2.705741
16.694823
19.743572
12.522739
9.447003
13.724676
15.103685
7.255734
13.669233
19.450982
20.684115
10.086686
14.923786
19.371189
17.045034
10.976103
13.829790
16.650674
17.294437
9.150889
17.452820
14.105433
18.684241
2.090919
4.760296
11.554572
13.386104
9.033479
9.768589
19.577120
16.218509
16.763763
7.151467
3.592293
8.503653
8.597603
18.566993
14.870038
4.564668
3.885811
15.173241
12.677077
13.188460
16.132151
15.620143
16.403676
14.788507
8.291582
20.205136
20.891799
8.473599
9.515782
16.862730
11.539157
8.882959
10.503962
9.314262
15.373982
15.562728
14.005175
7.350781
9.812965
3.636494
10.517717
1.249884
16.521234
13.709936
10.349586
12.723571
18.791955
16.046503
8.633429
6.310386
10.596454
13.456486
10.657157
14.526087
12.562703
4.547813
11.152747
17.297807
12.914548
20.960825
16.724658
2.426752
7.330127
9.795924
17.044330
22.053886
8.084199
9.310816
9.457077
20.992136
14.033552
3.474938
12.571280
19.031262
18.415078
11.215017
7.347347
11.357664
18.913705
3.478684
9.397552
9.337660
2.127261
7.189883
18.959941
16.240391
6.751047
8.150933
8.469629
8.458437
2.409635
3.066724
5.558369
9.365272
10.480215
10.054859
7.708228
16.453538
9.684104
5.750302
8.160819
17.891428
21.312508
17.404023
16.579168
18.216483
6.088249
19.801046
18.821955
10.569043
12.641063
10.579728
5.838118
19.230609
17.264792
15.756655
9.882366
19.348587
16.729389
10.767114
14.231218
9.257029
11.546272
5.223000
10.773029
15.407289
15.133147
18.352886
21.352696
19.964231
15.800723
15.891456
11.078426
14.254265
6.207757
7.484657
10.316627
10.396805
5.401931
9.738568
11.652296
11.273344
13.824254
13.619392
6.085437
13.391129
17.973733
9.589431
5.915894
15.581543
16.537228
6.548398
13.341661
12.583224
16.478575
11.895434
18.503192
18.180989
11.236864
7.563870
9.985346
19.570930
18.628306
1.678727
12.330694
9.950846
16.289747
15.846547
10.262999
20.067524
8.460993
14.452496
15.496791
10.802031
5.426853
11.876069
17.525238
16.391525
4.359800
11.466563
10.416793
12.602152
0.980081
10.352400
9.945536
10.930684
17.570059
16.848889
3.156427
11.271201
9.824559
11.131776
12.716595
21.320884
15.224164
7.758251
11.222179
8.187395
13.258042
17.362156
13.245484
7.068649
12.486185
6.377389
8.699482
19.240084
17.690167
7.824121
15.087219
6.091987
8.012534
14.523053
16.964134
14.707314
13.305812
6.876850
10.220009
6.971499
14.063443
10.651427
8.940136
13.131707
8.632299
19.939652
9.741433
9.554725
10.590759
12.113187
20.179537
15.450893
5.706902
13.823659
3.690811
16.170910
6.370810
17.295250
16.979491
11.504493
8.968548
16.089087
8.071495
15.053067
11.192819
12.456205
16.171080
8.172481
19.666267
5.513810
10.305127
10.022523
6.902675
4.754123
9.582135
14.720237
11.550394
8.026711
16.407791
18.135613
9.350162
13.140229
9.926338
21.114535
18.915150
8.225528
16.969974
12.171522
16.279945
8.381142
12.807262
12.250730
0.900291
0.699642
19.304572
6.169767
19.819735
11.311240
9.428480
5.945720
7.444249
2.303452
14.689717
11.142577
3.226126
9.075593
13.255454
13.827906
15.510701
18.772980
9.855602
10.187416
9.507512
9.073684
13.611167
13.227687
4.017074
9.347424
9.767518
15.588024
15.067330
3.389025
12.666870
10.432278
20.396942
19.492646
7.806773
16.637200
3.072299
7.941824
15.043155
14.346248
13.133555
1.999601
14.471132
17.308840
15.463912
20.876621
18.121626
10.154117
16.389178
17.213184
12.367630
18.895118
14.786371
9.397216
12.498775
5.530491
3.210679
9.297590
13.873114
9.129023
5.551941
12.208149
12.158281
9.699399
11.184310
13.590538
18.752596
17.477868
17.666639
13.475941
9.689719
15.240917
9.168675
10.707260
19.432169
11.761335
4.468238
20.310927
20.217727
21.648799
3.400402
8.633826
8.177239
5.924417
10.800729
15.754161
12.103898
9.538918
9.361947
9.823867
11.481481
9.519887
8.473969
17.257082
11.900072
6.447409
6.147055
13.275540
15.172884
17.704134
17.304783
12.167286
7.852213
15.642053
13.157056
9.950490
10.159456
11.757636
4.608456
10.850043
21.472645
19.230113
6.712246
12.279544
10.408127
14.582292
10.986452
19.259684
21.314658
11.478099
15.763274
18.423615
19.016183
9.778262
4.536205
12.982252
11.394099
18.485183
17.904830
19.440589
17.677959
7.659296
14.590636
16.944348
16.837362
5.066709
10.232629
18.657749
19.753206
4.909246
10.958424
11.390486
1.718889
12.324450
9.790409
9.281641
5.078259
15.015145
11.758954
4.079540
7.539466
8.626114
5.724525
10.671125
14.928036
12.673693
9.769787
14.446516
6.914035
4.845865
11.232278
17.758648
12.188967
7.917264
8.164474
11.857125
12.139933
19.011798
18.857781
2.366343
12.273008
9.122855
5.073761
3.690488
6.978799
16.912442
13.912772
5.622515
12.052705
9.684108
5.273629
9.586187
10.760783
16.233908
20.033468
10.197311
3.416921
7.376700
18.050403
13.745110
1.736441
17.964241
10.151280
14.264895
8.792754
1.678386
9.622926
8.910269
13.175545
13.027072
15.125156
15.677484
20.899874
19.049684
7.061807
18.348752
10.754772
20.663932
16.768309
14.191869
7.249868
1.143874
9.587099
8.692004
14.757837
10.267580
4.466331
5.983178
16.137006
4.892796
7.772804
8.594014
20.255394
16.815664
19.797484
10.485211
5.615621
19.028549
7.552874
8.885958
9.699351
1.657150
18.116590
10.482531
2.527049
9.326903
15.922565
15.301281
14.443567
8.681696
8.422493
18.003879
18.145517
5.128537
10.372452
18.011825
15.963720
5.063355
7.603772
19.297138
10.363945
4.422471
9.813510
16.045703
17.823859
17.504603
7.834827
13.958144
4.122986
15.672786
9.227528
1.642820
10.504331
11.498017
11.025662
12.370535
19.957351
15.532995
5.707270
14.872495
10.451495
11.249806
10.508539
13.272898
13.090961
16.977463
6.437217
5.705414
15.356091
12.844122
16.350488
15.614494
16.411967
14.861753
12.136472
14.529205
3.125908
15.045609
2.829986
8.639266
15.620129
17.435786
16.404389
7.393740
12.979415
12.254710
20.465193
14.237078
7.801316
18.889131
7.162041
19.777083
9.633852
15.617782
8.683558
9.781493
7.766812
8.408742
11.692732
13.810362
14.678253
15.044248
2.937594
6.974268
15.656204
9.162105
15.703442
13.599874
2.183625
6.982258
14.131666
13.825978
3.440283
5.787198
3.525731
8.919504
17.097017
14.700922
5.585181
6.974663
4.868851
12.151668
10.109848
10.500663
12.384648
11.920117
18.523590
9.609561
6.052851
13.689680
13.704953
18.932270
17.888688
5.995128
18.922103
12.815941
7.622094
17.390537
10.300944
8.867317
8.179044
3.200491
8.043411
2.029319
18.183083
5.818639
7.362852
16.910400
11.244804
3.352948
16.957504
8.814994
17.761334
7.158110
8.006115
16.859361
3.846283
7.638056
15.843200
14.795061
7.152478
12.644454
13.179156
14.929423
18.981102
18.994711
14.313372
8.564468
8.294962
18.838766
15.474319
10.200727
10.096163
10.842705
9.312738
13.197803
12.629059
9.070424
12.434830
5.130447
11.353094
3.111907
13.298652
12.939385
16.257499
15.118244
13.219646
15.578278
19.361769
15.221282
12.393818
15.438722
18.539050
11.384582
19.504284
14.989470
7.084521
11.592663
12.909576
10.168743
6.053567
10.594101
9.207447
20.988885
20.818939
19.687425
14.002149
6.850556
10.157745
4.065691
17.604659
5.424911
1.488353
14.024165
15.670916
7.329351
9.562976
17.669583
16.395930
12.114497
11.172463
4.120467
10.387106
7.264008
15.524318
11.014295
21.563587
8.962930
12.108945
8.523405
14.860061
10.033838
6.432049
9.466886
19.265254
7.074834
3.155581
15.602573
7.890222
15.675629
8.169963
19.078844
11.275494
5.249462
14.189257
12.620796
13.423178
8.632409
9.490189
15.071109
9.271685
2.615397
8.366393
7.726834
6.896541
20.311847
18.554217
5.808756
7.874375
18.893285
18.127889
7.684892
2.170102
15.951218
16.433643
7.190719
16.557673
8.216308
20.049215
17.084507
1.707859
8.247249
17.571855
8.144570
5.458712
9.920556
7.109004
12.654909
14.754081
9.062497
10.757628
8.010378
14.461616
10.813980
11.518636
15.083329
14.954360
15.766932
14.008961
18.386209
15.001141
6.639547
17.373051
6.522376
8.307960
15.190575
9.528681
12.340087
6.301309
13.440229
2.676878
7.750258
8.744225
9.176214
10.403419
16.647722
10.490892
17.804542
11.069304
12.320845
14.134794
14.859121
10.670176
15.097859
11.959346
6.210902
10.122270
12.048316
17.366407
13.986984
10.325157
8.278356
2.894536
9.240718
18.308938
13.015905
5.681040
3.283747
16.320039
19.361758
16.806363
7.525264
8.383700
13.348389
16.194107
10.136638
16.857231
19.349536
7.794875
19.633556
10.784119
20.441300
10.932963
7.602616
9.730544
17.479185
14.322855
8.047346
18.531221
3.078015
3.700717
11.020460
12.107884
7.345465
8.849092
8.355970
17.619337
14.511807
6.118666
8.994381
18.390139
17.950704
17.749567
16.964979
20.255956
10.779342
7.555422
12.621079
11.065287
6.211778
9.006471
15.569591
11.116714
16.350147
15.709599
11.639977
13.400799
19.580248
13.547379
6.864899
18.735375
16.441304
10.296771
18.625942
21.970844
15.122821
11.060522
3.750729
5.952480
8.310254
6.685682
3.786986
7.501940
4.589697
20.186270
18.983956
3.779691
12.376385
9.367833
9.687308
17.961704
16.729178
7.988426
16.962863
7.439996
3.377008
4.112061
14.535349
18.059086
16.911772
13.411621
7.101651
7.696975
8.562331
14.147743
16.494145
20.094756
20.007927
4.914969
18.280317
17.561304
12.250853
12.196254
2.157593
6.708295
6.224428
12.059163
21.032094
1.714245
10.140481
7.683274
18.710107
11.741002
5.930335
11.099365
17.061005
20.154128
19.150273
16.152724
12.738796
5.860224
9.276821
17.016304
16.853508
6.954778
19.008226
20.437478
7.494378
9.765571
8.271394
18.703014
9.760228
5.333978
7.773001
11.026296
10.705469
14.059627
12.741769
11.089847
14.940034
21.624159
9.928075
3.883865
7.063361
4.667070
10.239698
19.929691
19.171752
6.679289
9.168722
18.775727
7.567084
6.393381
6.877683
16.114087
8.887056
5.671614
9.344928
17.526090
11.056898
7.904262
3.914349
15.011856
14.039749
15.065274
9.793191
5.560126
16.815097
7.875732
14.329912
13.120694
3.617658
9.920489
13.748835
13.318595
11.665593
3.790918
18.136269
5.292149
10.338298
6.884323
17.321133
11.803050
10.196148
7.108536
13.029793
14.357142
3.788444
7.096473
1.141834
15.849252
18.952018
3.635320
21.224429
8.458489
8.672905
5.656128
19.030778
13.988641
6.421704
12.844978
10.106924
9.626900
19.324446
16.557820
10.178969
7.451197
10.736869
7.697177
12.751202
10.507669
5.269505
10.027214
6.660183
21.468292
17.774545
6.443526
12.645250
19.469444
16.987111
9.632234
16.449771
12.205034
8.692128
9.687228
4.946849
15.987983
11.785861
18.682141
12.961693
1.606353
7.147555
7.477015
12.565859
17.630228
17.322159
15.560899
4.456178
15.225935
17.697686
6.362920
20.563516
7.308555
16.543151
13.357588
9.033100
10.691843
10.164633
10.837157
9.741779
9.427512
12.406297
12.306825
16.226084
7.507087
7.036428
8.020986
17.674750
16.142293
4.041241
10.705685
19.010918
15.703586
2.851457
14.540410
13.863417
5.916305
8.418488
13.174354
10.334177
20.064767
19.751732
10.057118
13.787512
9.303330
11.823675
9.170680
12.348625
2.023466
20.529281
13.047220
8.359784
12.390562
10.637360
16.872288
14.274448
1.994056
12.895278
16.356974
14.508250
10.911193
10.225294
18.809297
14.233670
12.631918
12.839428
14.080347
13.678232
6.375095
19.385094
8.723244
5.979864
4.208449
9.277665
10.907095
9.693453
15.191203
11.909870
8.958486
6.460859
17.272122
15.948826
1.710435
18.006832
17.127939
4.729937
9.889171
6.774812
12.236333
18.644150
5.236495
3.293426
15.244453
6.092128
19.180695
9.743100
13.572372
6.131979
7.818135
21.290193
13.004315
3.570821
12.018613
10.385227
15.470467
19.482534
2.875024
11.105922
19.250115
14.681709
3.065294
9.113137
1.671445
17.247131
19.977031
11.818516
7.977127
9.227040
18.611575
13.282584
3.809631
15.985202
17.954554
17.486907
6.092165
7.076079
2.444140
12.405892
9.869818
11.796865
6.381128
16.832472
14.664643
7.365868
15.269520
6.505313
14.637528
7.395595
7.392934
14.917142
16.853837
16.870681
7.971846
5.069315
9.747781
2.674921
10.978366
10.741654
16.029296
17.708891
9.430138
5.623577
6.928944
9.184788
18.026355
17.044415
7.889065
8.786565
4.111741
13.615033
18.547784
18.542350
20.197747
4.793116
7.472327
11.652576
7.095179
6.895343
20.533557
5.920458
3.376935
10.710850
11.563504
15.624685
15.937699
5.225713
7.633786
16.788389
10.713322
11.173910
10.876583
12.330069
13.690469
18.099601
20.702918
8.261588
6.273311
9.447597
18.117698
19.015635
17.459572
3.896679
18.112161
7.119601
5.720740
11.393105
9.739093
12.514962
7.335087
17.362075
14.863424
8.015291
12.173032
4.149069
19.517364
17.453589
5.300691
16.079503
13.457423
6.627428
18.439287
10.504368
6.002982
13.344982
18.621381
15.396306
6.163070
12.476626
9.146621
4.949647
19.508988
17.986944
1.888672
18.521770
15.749359
21.804619
15.033371
1.641945
21.392326
7.908637
3.634346
18.467294
8.456795
6.165125
4.116771
9.771734
17.253942
19.149276
2.292858
2.717463
2.718449
10.345218
18.233133
16.272317
5.199286
21.142489
10.626237
1.950631
14.009977
2.022598
10.293842
18.799001
17.306627
5.671641
20.383727
8.576043
1.232394
3.168997
16.612908
12.568289
8.615855
8.372641
11.038067
6.780835
6.321798
6.892529
8.182094
4.721904
16.343554
8.735243
4.586007
13.707877
18.086538
11.659556
16.058733
16.320010
18.056919
20.735081
4.341778
8.859296
17.370166
7.724825
4.185704
17.779392
19.304045
15.967977
8.676808
17.429328
10.455388
7.486319
10.241175
17.760346
8.582995
19.444141
11.545438
2.680201
20.591605
19.574648
8.774385
15.103086
18.349034
6.651448
3.739570
7.004998
5.501627
16.338837
7.253783
4.323501
18.165411
14.309809
10.363650
8.410969
4.969431
12.543103
11.422847
9.752187
11.988646
13.436176
17.002233
9.844883
7.207647
20.966143
13.224732
9.973326
14.312410
14.674199
9.227513
1.531589
14.020659
11.325880
19.025627
5.468462
10.061617
7.073919
9.355053
7.329132
13.766025
18.454613
17.437922
6.800459
12.671230
5.017455
11.381609
7.925232
17.807385
18.801231
6.221291
8.531245
19.298687
16.474487
8.229252
14.853688
12.789005
20.019898
18.653269
7.784228
12.673172
16.514757
4.239126
17.154150
14.037925
12.483338
3.952096
8.217116
8.041728
7.782916
10.640655
10.123461
15.833499
20.865678
4.732145
5.806683
4.178715
7.806049
17.336550
19.208856
17.899011
16.271611
19.057921
4.266314
10.390613
18.531322
16.114044
10.967454
5.785896
14.933636
16.409401
9.945202
5.332677
14.235726
11.296391
5.618543
15.731892
18.462840
4.340720
10.954415
16.433650
14.957373
20.379075
5.803440
10.956683
6.264418
7.240462
10.287401
14.037236
13.800841
5.944406
20.254750
20.022374
12.059002
15.217713
5.578408
14.487608
19.417086
15.883827
20.811922
18.567442
12.342543
5.002102
15.503455
2.758750
10.207151
9.746710
1.966526
13.177359
7.127417
18.757565
18.131211
7.570692
8.074654
17.418979
8.309315
9.484852
11.626272
12.362575
8.013186
7.432386
4.967921
18.299518
13.026258
4.589429
11.257804
10.103484
15.890383
9.023670
17.958091
17.438518
19.888152
9.543091
7.469666
16.299449
12.884901
8.980182
12.911890
9.485049
20.046934
16.327401
8.821854
11.684275
10.115665
19.900214
21.504477
20.028443
7.130591
9.805503
9.954256
2.455478
12.571629
11.251879
11.185470
16.939189
12.961918
7.229137
9.809964
14.471658
14.246320
20.404025
5.659702
10.245221
9.013957
8.768089
19.333419
12.437968
6.249446
7.824187
4.775493
17.950079
12.090810
19.837514
17.383606
5.129664
9.460772
13.479083
16.462239
18.417104
19.236734
3.778265
6.819492
13.104875
11.155935
9.236866
3.871441
9.422491
19.636187
16.310703
7.752769
14.289647
16.516032
16.309633
5.306463
10.277035
5.209492
15.790155
15.268820
4.859262
11.165458
11.846278
10.715633
4.583169
15.863665
11.800553
8.206720
17.679440
16.327452
17.785621
16.860364
3.718741
6.448133
14.705171
14.289113
12.973823
20.808014
17.704672
9.858952
11.614958
8.941980
8.587911
10.578370
11.294623
13.683103
8.109548
7.918917
12.914249
17.525556
19.441486
14.072997
8.591528
10.271143
7.577704
5.560581
6.609383
14.870821
7.654411
19.590789
15.632866
7.991745
13.813826
12.228917
9.387781
18.548903
3.058262
12.835777
7.865405
15.088167
21.423017
5.151293
10.867811
10.281565
9.647882
10.471176
18.963265
4.686158
8.450664
20.076131
10.963534
14.830885
9.448408
4.379474
14.959361
20.649949
15.089771
8.725346
7.919105
20.598756
18.956708
8.606043
7.368730
19.390138
16.701896
8.499322
12.804567
8.778602
1.596303
8.938293
16.904822
20.450652
19.958888
16.739568
5.901904
7.176169
6.533131
7.261894
15.924393
10.627119
7.153642
10.568510
9.791979
9.656852
8.886539
13.829629
17.872067
6.828215
3.876746
11.362336
20.635819
20.603021
17.360833
18.782806
15.764657
5.995240
18.522303
9.905035
16.570998
15.232100
5.383566
5.023439
14.591387
19.966841
17.253495
12.548552
14.033575
18.647278
11.380757
7.436405
13.409805
14.744774
7.044766
16.203126
12.081913
5.843049
9.741730
6.713431
10.468828
9.375800
16.528000
7.616942
3.955801
18.960717
18.652360
9.707927
13.379562
7.833719
8.906384
20.015310
9.323010
3.772371
14.343600
17.738755
5.732473
10.879113
13.946247
2.618604
15.842851
16.645776
19.470398
21.231371
5.837025
6.447569
8.804861
15.291340
9.620146
8.621262
4.496341
10.583334
15.437312
8.000618
16.458287
16.163749
7.466744
5.104793
9.947043
19.449622
16.112398
11.723289
10.561674
2.690406
9.401751
17.159966
16.431015
19.078892
11.279736
13.115713
9.452925
12.898739
15.914542
6.376904
19.425852
5.181557
4.341181
8.969893
16.947622
12.866176
15.863491
20.516377
7.681445
7.978218
9.543344
9.259996
16.709797
11.589514
13.728540
8.437889
19.388035
8.019503
7.524225
14.758591
8.957876
2.568363
10.671786
14.680378
16.022187
7.092781
13.485410
13.949025
5.142991
15.954109
15.241240
1.727700
5.377049
5.015632
0.736521
15.896389
16.685955
16.419362
6.552464
9.679648
10.766428
11.079488
9.838375
6.295257
11.267445
12.837457
11.416551
13.629617
14.537178
14.993146
4.912608
10.190824
5.467523
12.063706
8.947225
18.871031
14.348548
8.524015
9.524221
18.547468
13.049660
20.197031
13.475733
8.660256
10.476793
4.532764
9.073304
14.436066
14.163717
12.650390
19.535093
16.466751
8.816708
14.951119
12.575688
11.731380
4.268972
10.704371
19.199268
15.840359
9.616306
6.340039
14.924009
7.570227
4.092152
14.353675
11.052460
17.721252
11.018606
12.084639
11.770030
10.528136
5.990107
8.584972
12.651459
17.523321
14.495982
17.085050
10.570284
17.997525
20.588582
18.255996
4.372234
7.843343
5.964338
13.634943
11.629405
5.329851
16.194353
12.398805
8.011335
18.203325
8.972587
7.003091
5.581475
17.288375
14.300332
12.421737
7.030334
11.573469
13.522525
18.259133
16.359202
2.719761
21.200256
16.287895
5.331652
20.080300
17.810134
9.812298
19.165521
7.278146
7.736771
12.978726
13.472449
20.708649
17.561958
5.542573
6.353501
9.005947
9.041934
15.284939
7.513054
17.807351
6.540539
18.860622
10.334566
6.421257
5.797167
12.868128
10.941976
13.102722
13.746410
18.924340
14.636317
0.466534
8.603341
11.683374
5.799880
10.884149
17.836330
10.745898
9.342911
6.627887
16.503962
13.999454
8.851115
19.128999
14.019969
21.225427
14.169519
7.794799
4.615433
6.204874
18.381267
7.456148
5.544780
5.868504
18.466110
10.598058
18.795695
15.450332
10.009102
7.309497
9.231904
7.217935
18.227073
14.597991
8.945843
14.688932
13.432078
12.011720
10.565770
6.653953
17.215468
16.099982
4.412983
20.221495
13.612769
7.563105
15.560814
8.498901
21.251456
16.288988
8.823148
17.230660
9.743003
7.704649
21.193471
20.608228
8.848956
10.229945
10.020225
8.206351
6.075240
7.158993
9.181935
10.007713
19.090912
16.532408
9.162482
14.162510
3.126421
16.140268
15.160002
8.483847
5.067453
9.217206
14.153929
11.846362
11.729656
6.453905
10.001382
16.500433
6.793665
6.861631
8.344234
8.860076
8.201296
9.334515
13.866430
13.696306
10.483267
2.050670
17.540888
5.743753
12.787020
12.099856
6.121945
9.254211
14.708605
12.287287
17.095107
10.558274
3.590644
7.069937
16.627161
6.179153
18.197449
18.868368
6.198571
10.659481
11.213926
5.115337
16.979447
13.077400
9.334768
7.004156
15.836942
18.067219
17.237965
8.518674
16.027655
17.987761
14.424215
7.634327
11.076831
10.689435
11.951397
20.703589
19.892249
8.944632
19.865281
11.198127
11.102238
7.887643
5.571482
6.041987
11.109153
10.958600
18.599968
18.076814
19.013706
11.564778
1.797538
4.807889
10.683732
11.026662
14.050749
13.185039
9.827525
17.647109
14.845954
8.384353
14.002762
15.774108
14.558520
3.961226
9.908937
11.783810
12.638741
20.473195
15.526799
12.195557
14.239361
12.720577
18.212347
17.780006
2.571376
12.286088
1.756455
9.810692
6.183627
4.247741
7.711409
19.629547
13.602847
9.941184
10.654475
3.563488
13.491401
11.444157
4.762895
15.337187
8.995075
2.548232
6.087889
13.079904
12.270192
16.147125
5.837806
17.864423
8.217849
10.327780
15.944197
3.299559
7.778697
4.043027
13.734376
9.908127
11.838072
6.249727
18.474353
13.324466
9.032051
11.565551
19.769947
8.691282
9.231904
4.183976
14.788042
10.990670
1.407200
15.220296
10.564280
9.869559
9.205608
17.778771
15.119802
6.115617
10.958555
6.551897
20.714442
17.666426
6.732467
8.920540
12.832042
9.485267
6.127520
7.982104
7.868598
10.207320
9.619267
16.714488
13.576389
18.934025
10.236647
7.152734
7.157149
19.937749
10.899371
18.592576
15.270092
3.180193
11.108437
11.076292
8.189051
7.581076
11.435123
17.069785
16.469144
10.275141
16.487425
18.275982
16.821409
10.158704
15.912384
6.579531
11.183039
13.390236
8.951744
10.234969
8.344141
8.537436
8.363163
9.687094
11.371787
5.658242
18.419121
15.027318
18.895010
6.926650
15.573093
19.547569
20.858815
20.638989
10.742918
16.338044
20.673301
11.731139
6.184843
11.730540
12.253622
7.950849
9.904889
5.176728
8.429162
16.119108
19.496089
16.930623
9.966179
16.332203
11.469568
17.476381
21.194939
19.528119
11.128661
16.658537
5.526007
7.096831
5.013019
6.534991
11.229444
14.453295
12.585071
7.939716
7.246976
3.921803
20.049255
12.421695
10.577571
8.740375
10.883828
11.530169
21.794424
17.595882
9.666379
17.541390
18.069040
10.166765
5.101444
15.329538
11.260306
8.749495
19.589576
11.779248
4.377960
17.703115
3.106644
7.769525
15.858049
12.292475
19.883660
8.270995
2.169463
9.555461
8.665852
13.472316
17.401412
17.778298
8.265555
21.142119
16.645274
8.223555
18.316507
20.919182
3.326629
13.393969
4.810221
1.178779
4.632693
13.300009
5.195112
5.922113
14.623936
6.083603
1.665026
13.565986
13.142067
19.950033
19.872901
12.741976
5.442880
19.994136
14.105514
8.900229
5.480587
9.385218
8.610878
18.243926
13.454647
2.319187
15.593140
13.326734
9.818846
5.329431
15.170925
10.144182
2.929060
19.725608
16.625465
20.560827
16.230327
6.846299
18.373043
16.774710
10.827615
5.436956
7.464972
13.827792
10.210527
3.471320
3.400564
8.580222
13.347133
12.640250
19.767124
13.475032
12.072608
6.354286
2.792744
10.820014
11.301843
18.222456
16.804700
5.629560
17.610136
19.786015
18.597846
10.091058
7.762061
18.650650
20.404525
2.089420
15.558101
13.146505
6.076772
10.302807
8.647857
13.669159
18.674852
19.086928
19.255414
17.460384
19.638413
19.725876
6.135521
11.471409
19.215350
15.593305
9.909776
15.755456
18.907639
21.272475
12.528927
8.674711
11.047476
8.835024
6.221437
14.161857
6.620055
20.460615
14.555629
13.602902
11.710649
3.170317
7.225314
13.439827
17.974420
17.440327
10.306677
19.963151
18.823073
9.329285
5.077025
8.473600
16.939523
11.810215
8.602798
7.063935
18.811307
13.930730
19.805218
15.723546
3.280322
5.499168
11.314166
10.358617
7.990217
17.038185
18.280780
3.047547
14.727406
18.400471
18.001767
7.872219
13.455752
20.270469
15.539790
6.614857
9.379052
13.976328
16.502705
16.777267
4.896320
13.723243
8.875738
11.456775
14.712369
12.458145
19.127407
17.399662
8.231014
18.300350
11.068450
5.224417
2.192702
22.242584
14.246307
12.685138
15.801977
5.609161
11.127112
14.109137
13.056095
4.712944
8.595361
17.043404
16.316557
20.127887
19.215581
15.711809
15.471898
18.600216
10.607260
7.430450
15.484520
9.357048
11.671603
19.914199
19.222540
5.037335
9.613843
8.279708
4.365191
17.466028
11.452372
12.489702
12.132278
18.306810
5.945628
10.408302
9.904054
8.512167
10.173737
12.709850
9.650452
4.084050
7.362642
19.522667
14.248039
4.105955
16.696904
15.875741
11.618061
18.403573
2.861389
8.624852
14.737644
3.372351
19.834204
10.759630
1.492209
15.011163
13.685821
11.215518
7.440579
11.758946
5.950039
20.166224
11.898522
6.417394
6.168976
8.930457
11.111014
16.284019
16.148930
10.014837
8.601893
6.451879
9.255884
12.696211
11.934893
10.145337
19.968403
17.342109
7.619203
16.977428
16.706770
7.049540
17.430701
3.967925
4.138041
8.649205
9.837045
12.372591
11.809319
11.132938
4.168687
5.630180
13.857955
7.699993
4.053050
10.761227
14.405457
18.062412
17.511591
6.442281
11.665448
4.984721
13.852594
18.165262
8.643870
11.708954
14.623080
5.852381
10.910373
14.087801
13.550595
10.642261
4.979051
20.242124
20.222794
4.583522
7.791280
11.285766
17.375760
14.740564
9.996902
15.339699
17.416953
18.596606
0.992186
15.047301
12.273899
6.957439
14.611342
19.173832
9.264293
1.070628
7.222619
10.112966
7.253481
18.720099
12.937734
6.643027
14.477773
18.816439
15.293297
14.096043
8.200099
18.179518
20.011283
7.211336
8.405911
10.761478
16.442668
13.319621
3.084182
8.987258
8.063606
19.875671
10.074052
4.970398
10.329426
2.558971
4.934572
13.872622
9.707062
19.007846
14.131064
13.291311
6.689716
10.661542
7.703867
10.604955
17.383994
20.402740
6.508660
11.638126
16.557355
16.193266
3.670980
14.101467
4.443885
17.121657
13.592173
9.314206
6.603827
5.396596
9.403178
6.705264
7.055888
13.797261
18.039937
8.382831
9.562629
9.271193
9.771858
15.450732
14.294134
13.381589
4.134751
16.635644
18.350572
8.891181
15.782064
3.558963
9.619181
11.031013
16.427121
20.010753
5.170567
12.562304
9.767469
17.511019
13.976922
8.906661
4.189551
1.390960
9.344324
12.323563
10.547175
13.507823
15.639211
4.558625
10.780414
9.343552
7.892170
19.719341
18.337416
4.592935
8.230726
5.730380
7.388722
8.975425
19.776026
12.533627
7.019024
9.301257
13.093817
10.820826
8.928532
12.079939
14.225229
15.040134
15.859120
18.219529
14.649411
6.415702
16.324870
18.562510
5.321015
5.370620
8.699385
8.161214
11.304609
19.484460
18.084517
20.001072
11.529755
21.727634
15.780429
3.611421
10.902259
8.305252
5.506553
16.226143
11.391450
6.684143
12.060322
11.941310
13.528481
9.630793
17.465841
17.712333
2.764347
13.248379
20.998280
5.293241
6.569097
3.931423
5.958664
9.905573
7.997861
19.926948
13.643133
12.833394
7.908785
12.233335
10.329683
8.591940
13.107520
14.186362
17.810586
6.601614
10.121737
9.989444
4.696305
19.676819
12.272857
7.046014
14.627212
15.004910
17.213857
21.663276
19.342120
10.698080
13.653991
2.763518
10.771600
12.084546
7.992306
15.658386
12.429244
7.640742
7.518744
20.800342
17.948284
3.933058
11.970810
21.694150
4.865814
17.016806
19.765154
17.959143
7.310593
11.384413
16.175909
15.411416
4.882457
6.439636
17.929604
7.475166
15.243561
8.411893
5.360160
5.731912
17.497766
16.166515
20.076468
17.020343
8.497643
9.847638
10.832356
8.561672
12.284938
9.240511
19.021483
18.938213
7.248396
17.983728
4.920079
15.591106
1.946538
5.906458
8.436853
10.681280
13.893100
9.758647
4.717075
9.371383
14.122320
12.889681
9.956908
16.875408
14.770282
8.212701
19.740157
13.345728
6.628848
11.208920
16.764382
6.796487
17.588170
11.677604
20.868641
12.808732
13.993632
7.073203
3.888582
6.902676
12.205048
16.534112
16.136718
9.695400
8.304001
12.578381
17.581400
7.046254
17.900860
10.758646
21.006996
15.632885
7.020619
9.126555
4.714684
15.709974
15.205941
20.850234
11.157135
13.723961
6.810209
15.361834
11.628747
8.331811
9.612858
4.373419
11.634057
9.971508
11.816839
11.967165
20.395808
19.815600
11.255348
9.792471
3.609825
17.507015
15.884435
14.302482
13.719929
16.016973
12.769107
14.758834
13.777550
12.340985
20.545828
14.133432
1.734022
14.074447
16.936611
16.772167
14.996296
9.145508
15.050381
19.387877
14.008885
7.211746
15.452875
14.814364
7.758596
12.983727
8.593481
13.359360
14.549093
16.778710
17.058188
12.902710
18.074794
7.077279
21.664560
13.334922
16.352718
8.731389
6.269861
9.725788
17.683392
18.347954
5.753226
15.258432
13.532126
8.559604
21.612399
13.243921
3.907024
9.544194
15.116812
18.188880
6.404850
13.763813
10.441938
9.129312
13.021436
10.625880
14.428229
12.168230
10.439990
11.002177
9.656404
18.079464
10.005494
5.156261
20.323555
11.911964
7.760787
9.697366
15.487574
9.972855
10.131310
16.884770
12.561758
9.345263
19.441445
13.318113
11.449476
18.484398
14.593604
8.916844
13.633078
12.093867
2.722613
9.237040
13.403774
5.418098
14.453860
20.098457
20.053985
9.786606
18.679690
15.134700
3.653734
18.214032
12.444255
13.220967
10.497992
8.340603
11.395816
16.732261
16.141392
1.403790
18.610595
21.030868
19.358221
16.255761
3.399194
17.874998
17.648880
11.067162
4.314184
9.377408
7.225341
7.541174
19.068285
18.109752
1.004761
7.860287
6.695216
17.601060
2.793987
6.157339
6.859411
11.267013
18.117573
16.024014
9.147278
8.643109
13.531154
14.083439
12.537754
10.848415
8.216171
9.891779
15.545975
9.078067
6.122074
8.099785
3.417068
20.568564
18.768210
5.540960
16.349023
15.249573
2.431541
20.258328
18.487820
1.221724
13.244233
13.354394
9.147393
6.552506
1.892257
16.066652
14.735132
18.019623
14.633158
19.927748
21.255081
20.279970
11.730556
13.372112
10.285261
9.841748
6.781374
10.872226
16.384904
18.476477
10.387260
11.992475
8.907980
20.145573
6.801615
5.196942
6.869572
10.217931
14.289676
12.912641
7.123351
4.974791
8.701636
9.856790
9.801015
18.098646
11.595541
9.832031
8.508882
4.930836
10.067141
11.091521
10.595923
11.180477
20.672312
11.765057
2.528603
15.006729
18.581370
16.559424
2.661814
14.284205
7.369722
11.497466
5.625266
2.379662
8.055112
7.948223
2.263784
13.353081
9.891203
6.569508
13.989050
13.659112
5.616521
19.312420
16.766395
7.477838
16.611869
10.536092
7.306778
13.895162
15.199632
4.870552
18.233499
9.487597
20.577167
8.560166
10.921138
8.797127
11.332049
9.538449
11.755412
16.847205
5.989624
17.013309
18.951388
17.674943
7.826781
12.869385
3.743127
9.503925
16.902720
9.607554
6.909285
20.584596
8.721283
4.908279
9.394731
4.838172
5.840352
10.129525
14.045441
10.629942
18.734423
12.929937
4.624830
15.347168
20.303985
20.276925
7.085682
11.628549
2.975139
2.719145
8.843127
8.037786
11.585320
8.242418
16.537494
12.373044
4.524590
12.836364
19.204701
18.803734
8.277484
7.739057
9.555840
9.385659
15.709486
13.783816
7.774307
10.070735
9.669769
7.473906
14.865894
14.680933
19.270449
11.927928
2.686551
10.493966
15.057227
8.482924
18.689191
7.925169
19.780727
12.016765
17.865604
13.116569
8.762311
10.251339
18.702918
12.703913
20.381357
11.458734
9.369256
8.428951
19.866283
18.719371
5.947391
13.598536
12.092911
16.666797
11.644666
17.990742
11.755131
2.898451
6.656171
8.914320
10.287444
9.674558
9.741113
5.579890
12.786545
10.069075
7.091127
8.382153
11.694321
11.172985
20.508015
10.378790
4.518916
7.761363
19.480730
9.411432
5.801419
7.948576
5.019030
8.051962
7.329479
13.366248
15.611413
14.696119
18.332319
7.895672
12.627522
10.612745
21.351504
11.378139
6.313785
3.552897
14.269941
16.964964
0.881681
3.477365
2.393611
8.894355
20.245630
12.817156
6.407858
5.877381
19.926564
15.222640
8.464102
8.508332
8.309786
17.799859
15.127248
6.844367
12.807502
17.807404
15.081933
7.197690
9.794079
8.403853
6.677476
7.651972
8.469514
4.025976
10.368276
16.853015
14.568935
7.776195
19.320188
12.016178
15.808723
18.699675
10.636940
11.444766
19.823056
9.935515
4.411040
5.777743
4.260336
14.532332
13.471111
13.971280
8.330516
14.021203
13.789591
14.382404
21.135088
20.554600
14.221812
19.674227
8.611677
1.808807
5.965152
12.432934
11.955426
20.674166
10.168093
4.186757
10.135286
15.316593
12.256600
16.244869
19.919442
4.366922
20.250814
7.196603
5.790078
19.151789
17.683777
19.509861
8.918660
12.761390
14.544108
2.275745
17.251994
7.525248
8.806871
10.969859
13.967686
18.508531
7.211542
8.071744
15.466801
10.387774
19.017917
7.490504
11.571957
10.637689
7.118137
5.846942
14.314220
17.797100
8.103047
21.226262
15.755843
21.309265
17.401431
7.262119
11.815238
8.096261
0.950270
11.084686
15.866359
15.676113
11.519719
8.733004
10.863819
8.258460
9.894565
12.277397
15.375369
13.067632
9.739727
13.962372
13.355703
1.894067
4.844956
7.996490
3.985595
1.920261
10.333508
10.015698
11.024600
18.998308
5.094320
10.076655
9.670522
1.721732
6.025955
2.040767
17.158977
11.179251
6.366474
3.029270
7.795283
18.386947
14.695860
7.592875
12.472410
19.476882
3.694691
9.519509
10.579690
6.357750
8.458422
15.837234
15.303679
6.040248
12.470165
6.488406
12.258791
9.121551
8.636027
18.636391
13.533050
7.199328
17.525754
7.738195
11.714382
11.793091
17.576586
12.102361
8.250484
19.036916
11.004313
12.035280
11.374063
6.572492
8.287871
16.128299
9.328850
19.364960
16.341149
16.859137
10.028016
4.011096
17.782664
13.914894
5.861495
16.617837
8.302769
9.062788
12.811060
19.576140
14.594938
8.004284
7.948899
8.109839
8.458327
12.607642
9.367007
2.340474
13.203652
14.573886
1.637910
15.080958
11.549388
8.948437
9.968424
13.239239
11.076241
21.165739
20.881262
4.059656
18.321180
13.557728
16.052886
11.590102
5.936160
7.328546
13.930154
12.015509
7.135858
17.852499
16.278337
13.746680
17.876821
14.162087
8.932957
20.279061
16.584274
11.793120
15.848951
8.433040
9.971934
7.792892
11.877734
21.013176
21.887898
3.889580
9.038190
20.550439
19.276507
11.407574
8.042272
21.229663
13.220701
12.625224
12.470546
4.500126
8.895082
14.241225
13.505418
10.019578
7.841226
7.028147
14.807508
10.214076
1.493316
9.861846
17.849160
12.255899
7.610070
5.697703
14.708675
13.546143
10.389391
9.778397
11.441134
16.529494
13.489169
11.259547
10.003246
20.369199
11.637103
21.067546
16.990273
5.824863
14.219029
5.622816
8.630678
8.496529
13.112078
8.497465
17.044874
9.466836
1.727886
9.965220
10.508684
1.809584
15.759379
14.661351
18.199157
12.804892
5.423595
8.169262
16.329693
19.707372
11.295954
8.004011
10.681874
9.972044
14.630914
3.382432
16.609158
12.821475
7.084929
4.627781
21.320365
13.584096
1.964915
20.416293
9.010827
9.517750
6.381579
15.254664
19.618496
17.605821
8.359058
17.033611
18.850091
19.109298
18.766030
8.359929
12.483174
7.625139
9.312518
12.122063
13.833925
15.293439
17.403284
22.095000
20.508507
10.769764
19.460899
5.366165
6.165767
8.263939
11.339971
19.875790
17.657996
15.903650
20.126226
17.179791
8.931423
6.505603
9.257821
14.919799
11.981780
13.459159
10.115900
6.202000
5.277517
4.553575
8.832411
11.085983
17.942267
17.780872
10.669824
5.309219
19.962765
16.932962
13.690051
12.551543
8.060835
20.695575
19.002462
10.271352
5.738123
7.343887
12.041364
12.263796
19.317546
18.704721
12.113936
5.210116
6.466289
21.365817
15.756397
11.199415
8.699658
17.001611
16.370536
6.519830
9.017293
16.525464
10.317104
18.293469
7.807563
13.975704
12.188759
9.082463
12.825693
17.769004
18.996922
8.951843
10.211518
17.644869
17.109025
18.751241
18.681272
9.787132
18.909475
3.737577
5.316099
15.489718
18.141535
10.449311
5.562355
14.935541
8.550877
7.911383
11.069146
15.300313
13.554654
18.555951
18.700989
2.441832
12.525512
9.901398
9.075327
6.147643
10.317803
10.385180
14.221322
15.635971
14.226999
3.941068
13.142142
12.179157
16.183015
15.326981
8.585451
12.803618
7.283801
14.420215
21.569825
2.744296
6.618320
0.886665
10.727285
6.932981
16.965150
18.967027
17.630020
8.714996
7.161215
16.233986
5.172405
9.137013
7.395906
5.101151
15.746131
19.945382
7.106721
9.279563
9.384451
7.311696
17.491246
17.118819
15.510035
7.132957
11.865059
11.331248
10.025053
21.514281
12.974040
9.484935
8.832115
13.287768
13.229615
4.585063
14.641223
12.295533
4.884690
7.261715
18.866670
16.325464
7.626737
11.801365
11.679659
4.678639
18.904452
17.507544
5.207327
13.788113
17.245996
17.261269
12.484400
8.958605
18.750567
18.407485
7.681352
10.252162
17.493019
12.821255
9.030419
17.962888
11.960616
7.019866
14.230020
19.035089
15.898109
12.519546
13.152298
20.610686
7.410877
3.926319
16.283080
15.771275
18.626532
8.229645
6.575766
21.400732
11.100961
2.039024
9.941866
11.280026
18.813619
13.654104
6.417302
17.337299
18.797375
5.165665
19.430211
19.374028
11.793229
11.950115
1.426194
18.584631
16.095389
2.871386
17.526776
16.281972
8.964334
8.586298
7.747207
9.856332
18.509167
13.367841
18.968904
15.341317
21.059078
15.985977
3.960584
9.614563
6.599027
11.229904
14.325340
17.058228
16.177695
12.756006
11.604891
16.820266
17.054564
9.899013
15.910853
12.145526
10.669624
12.809560
17.800979
16.292591
19.225461
13.544074
9.829182
16.356378
17.460783
17.397829
15.117293
20.760522
10.562088
8.409402
15.839609
11.602487
5.637257
9.015670
9.292485
7.278338
8.462535
15.385376
20.427212
1.568225
10.205333
11.773349
14.813193
14.583057
3.160820
7.742391
9.687918
21.011263
12.419839
5.240290
7.624711
6.920253
7.148789
12.237962
11.343482
3.995862
20.130636
6.101173
3.440620
4.542486
14.979728
15.292153
8.549974
13.781696
18.490413
12.085945
8.492957
6.912935
17.028415
17.808924
20.535196
4.096033
7.313142
16.083862
20.605649
18.932124
12.249856
12.001638
11.655543
15.166360
19.441859
13.713797
8.846798
19.821298
16.330918
18.934728
12.434844
5.525622
15.945077
7.954163
17.050052
16.167759
18.011920
12.422960
5.784584
12.577947
19.714688
18.794260
15.312561
7.314194
9.602033
14.845878
14.886181
4.722558
16.586325
13.568887
18.741641
20.871584
18.851141
9.038888
17.783794
8.355753
18.867282
3.937522
7.029148
3.743555
8.197998
12.622181
18.487391
14.690532
5.444061
15.127803
6.434165
8.736166
4.511952
15.151772
13.383074
15.504241
18.460489
6.223052
6.651297
16.587816
8.135936
5.556696
19.207546
6.673688
5.467919
0.933774
20.976206
19.789404
11.452029
21.004853
18.340128
6.596000
10.505991
3.364092
11.447598
4.015789
1.277823
12.648121
16.870107
17.955069
19.308399
15.743990
17.691266
15.077099
9.004311
18.343035
20.244644
18.755227
18.246046
6.386902
17.177082
8.154370
8.077433
10.821623
6.572831
15.643461
12.337308
3.310438
19.608160
16.440829
16.585443
9.392589
12.835609
9.885627
20.400138
17.490019
4.693917
14.313820
5.024630
8.747964
6.857106
7.503388
17.783784
11.513513
2.362617
9.025769
14.865583
7.786720
6.189157
17.223976
5.649157
1.123202
18.501769
7.419831
14.220617
12.745727
19.661219
16.586734
11.291088
5.776035
7.837311
6.534279
14.038778
12.988809
9.675383
18.794902
13.080796
7.797738
19.895482
12.598000
5.741385
13.984363
14.068177
13.988777
2.830374
15.437120
8.082214
12.880359
12.608738
8.095274
3.791827
11.112135
8.646793
17.598847
17.065662
13.900621
18.949899
14.858359
11.296971
17.728154
14.760869
6.491094
9.867646
8.107355
10.361787
16.513042
15.872825
4.246824
16.746438
9.101350
12.005476
19.228196
2.235266
5.806956
11.755674
8.537007
13.811669
14.790130
20.904624
4.387300
7.308163
4.731217
17.943878
16.752084
6.040074
12.708533
18.238138
10.603867
5.583096
20.847823
2.480372
9.303258
8.430845
9.972827
11.430541
7.139299
16.443689
20.913515
18.005717
13.197171
21.399319
14.965837
5.001359
16.220784
8.434970
20.905584
10.925612
13.907422
10.669688
20.550418
15.619652
5.252270
9.515943
15.812860
13.377042
16.003803
20.035920
20.596940
22.133148
14.827096
16.766745
2.696601
9.972778
3.753470
4.361101
10.935784
9.858332
4.184703
15.368369
18.230077
19.380716
13.504875
3.882897
16.324639
13.148817
13.324348
19.719183
17.840434
11.135162
7.110874
14.443120
12.456844
9.614006
15.312209
14.107147
16.725477
20.414194
18.805400
10.973238
15.854740
12.881770
15.944192
5.894111
13.894011
9.579262
8.612520
11.196057
19.801389
17.334087
15.040697
15.418732
19.237365
15.326912
7.100453
13.808793
19.558063
15.461160
6.799239
11.458351
14.284051
14.341738
4.760760
11.846423
18.831112
20.670532
19.892241
10.051941
13.941550
10.592463
14.291769
13.546772
6.211470
15.952800
15.797091
4.098048
18.025935
4.657346
19.854491
18.714556
16.072264
12.780974
16.215295
17.681787
14.873615
16.989895
16.352889
21.482672
20.691270
8.756386
6.560816
9.557124
19.324464
10.475763
7.432689
16.134290
13.925477
9.459353
8.306546
7.577242
7.554092
6.566382
9.083066
21.488993
18.774963
3.266329
20.100864
18.548844
7.138411
8.732327
4.152687
15.167329
13.917049
4.246590
16.227001
7.608847
2.742842
10.152084
8.474942
9.611814
17.066331
16.140176
9.610799
11.356205
3.797233
12.856838
11.535763
19.156674
17.479623
7.911362
8.657231
8.233676
14.634739
12.456058
20.753249
12.515637
6.435855
11.922823
20.813682
16.899529
11.875897
11.887123
3.665988
8.541629
15.804254
6.587920
6.184080
4.354137
15.199301
8.448107
10.928566
10.227719
9.758238
16.975185
11.604270
10.006198
11.068425
7.456006
3.304175
8.936324
11.718719
5.491636
12.016835
15.974560
10.155055
16.421371
17.811278
16.450657
11.498381
11.495816
15.796254
14.008484
14.430033
7.516162
15.278469
9.037960
12.772496
13.726202
15.481910
13.386384
8.122897
12.152084
6.486238
12.990155
13.954179
15.153251
8.929612
15.283190
2.535345
6.447533
19.035374
13.960711
4.674039
6.705761
7.863111
13.268417
11.402420
9.536028
5.302967
15.707478
14.475823
19.254159
9.741573
3.168818
6.386256
9.070904
8.882529
12.378542
9.391226
8.838665
0.585888
15.951391
17.746813
5.184412
7.333653
19.015137
18.550207
10.118624
16.768396
10.035200
12.348692
12.079514
1.802378
12.219973
13.228504
17.242501
8.542014
19.291320
9.052723
8.492740
4.836399
4.057965
10.920209
5.097422
7.052993
8.500217
15.225027
8.530545
5.314155
15.276667
17.943602
4.335944
10.740898
4.394186
17.100199
17.813799
11.766503
9.267724
6.004075
21.113658
10.533825
0.595457
15.577489
15.415494
8.877044
14.170964
9.284403
13.650173
9.816598
13.305199
15.119121
6.460133
9.009668
19.823353
10.874919
8.707357
19.966402
10.072354
0.379504
19.692908
10.719751
11.086730
5.988157
3.287353
16.272204
14.460492
9.861071
5.103027
2.146369
14.481012
12.382035
2.952341
15.850530
18.110398
17.055366
9.934005
9.562299
15.116686
8.071517
14.910352
17.922816
15.063533
9.198044
4.230009
10.089263
10.356636
6.435415
13.082849
17.976918
16.541074
20.597256
18.675326
5.987467
5.603935
21.671506
21.059115
4.650444
7.061791
7.872363
7.763384
20.647685
16.390272
2.655108
15.115924
10.854777
20.131272
12.045325
5.557493
9.586803
2.694294
9.533384
11.088156
19.637216
3.839465
9.888603
17.193416
14.811054
18.064659
17.987909
2.270794
20.090184
5.039779
10.705620
5.420462
5.870509
10.265189
11.777510
7.719092
13.252393
17.573088
20.023406
12.758613
7.449957
6.633220
17.035487
15.091142
3.739278
17.677321
9.640484
2.393155
10.666374
11.598766
6.312717
14.070008
16.527435
17.006929
9.256668
2.113187
16.074653
14.492241
15.909439
7.813320
14.705366
8.752097
11.608128
18.176907
16.388695
8.621470
17.185911
11.913607
4.536712
10.046709
19.195776
17.768112
12.007460
12.100996
20.166183
18.444628
10.846334
19.760974
7.882724
8.281179
20.148768
9.328616
5.213222
10.723970
12.703998
12.617571
6.623685
19.652175
11.283066
6.391939
8.395580
17.335060
6.971674
6.077712
15.537113
12.883031
16.326213
13.946144
3.818862
14.496315
4.729849
7.919708
16.530878
12.215053
6.679410
0.897775
16.615251
16.546024
6.025807
8.326468
10.874209
18.367817
17.934496
7.087291
19.152494
19.165083
10.122565
17.865824
3.281281
12.226469
18.915389
18.893820
7.146857
17.450748
16.405410
5.178611
17.476409
10.312979
2.702823
12.647823
3.683459
19.239305
3.028958
3.744191
12.173303
6.551531
4.500692
9.793545
4.393118
6.191506
10.626867
12.965632
15.338968
6.530925
9.781303
12.315947
20.802069
16.103814
7.760751
5.640574
17.611744
14.265374
6.384209
10.996579
17.161785
4.259868
17.416639
10.782941
11.955804
8.972627
19.835283
15.149666
2.451155
6.132043
5.694880
11.051712
9.298565
9.754397
13.063770
6.998851
18.595658
19.827639
16.709680
2.691478
10.424672
5.178718
17.309409
15.908353
6.458110
9.687648
14.009502
11.689241
15.926910
3.496566
10.447305
16.906227
5.848059
3.884823
15.764727
5.963100
16.435590
9.635330
8.437485
10.559109
18.441137
15.669749
5.522152
9.049014
10.425025
10.219833
3.904767
17.002343
11.625658
3.082366
18.249536
17.474546
5.333380
6.565846
7.024988
20.044115
7.003279
7.573668
13.820202
14.563105
14.265298
6.974799
10.340860
3.728928
10.499307
14.772811
13.815547
17.658867
12.206736
19.922919
18.016375
3.661432
18.236813
17.251397
13.726646
15.799817
13.783792
7.984941
13.124469
8.202035
15.793093
7.859543
3.936606
16.632792
12.430290
6.400697
19.983387
17.558964
6.621578
11.539426
5.099227
9.182781
2.735511
16.999066
15.671184
4.618514
11.875517
9.074868
4.114704
9.256317
13.374228
12.375236
17.445888
22.048589
21.413566
17.449382
16.530944
9.019967
15.848438
1.411588
9.947694
16.693126
16.700704
20.210437
20.110502
5.923174
8.440528
9.877625
8.256092
3.513312
8.403919
4.757643
19.059028
17.343119
5.076597
20.073588
12.904360
8.370755
10.087120
9.307994
11.802169
11.467824
8.432844
15.850153
14.410969
9.901542
12.849254
19.130553
16.538245
16.961160
5.227113
15.435826
17.165425
20.375706
18.011847
7.242667
11.662300
5.887377
4.471019
18.848457
18.835127
8.598798
5.179131
10.026180
15.803081
16.511763
16.001138
10.206033
15.016407
8.615474
11.170765
11.056741
8.542549
9.836205
1.768226
13.589790
14.287065
17.138216
15.970608
17.860948
14.102109
2.298963
10.554310
6.384983
7.618578
6.699754
3.165378
6.191755
14.125273
1.174596
16.600793
6.449975
7.967770
7.414366
13.057865
11.753294
5.975752
10.015087
17.612186
18.331819
20.558692
10.960864
4.550604
14.847543
13.971657
5.794183
6.938959
10.176946
10.067243
1.203421
10.793124
14.586223
12.000479
3.005852
11.943469
13.792738
13.483526
7.820093
6.082689
0.855533
5.013352
12.469605
13.682656
6.094878
8.883849
11.326781
2.751303
18.352317
12.837025
18.689516
12.106048
12.493493
7.814283
1.314895
10.226921
13.028893
19.072274
19.265403
10.246769
17.343787
9.018873
12.234594
12.685198
9.134418
18.773967
8.109474
21.539853
19.375995
6.913404
11.014557
14.261874
19.406746
12.222867
19.917982
18.949939
13.189728
18.297584
2.930132
8.421262
14.710281
7.818664
2.858590
5.450238
14.575450
11.188416
5.283065
13.035346
16.604726
15.251018
12.969490
16.117283
18.666982
18.747421
19.598937
21.196893
11.864681
18.022718
11.785284
19.067301
18.685605
10.088514
4.440357
9.649144
2.535200
4.078535
16.531658
21.615834
1.464654
15.686059
13.597814
3.968179
9.208856
9.104381
3.774877
8.553396
9.520504
8.571190
6.366486
13.800829
13.511912
6.733972
8.345067
3.835402
7.792687
10.493083
20.062904
17.488845
10.239773
20.578557
10.726039
1.157671
20.141255
14.282530
7.195670
13.050274
13.365007
19.304947
0.876663
9.873322
20.256111
8.100283
8.281822
1.031582
0.676732
7.363897
12.923827
17.877944
13.767708
8.412565
17.713711
18.732665
4.324730
10.361549
13.329841
13.993760
7.102388
4.260736
9.939921
8.455164
2.096933
6.197624
8.733283
12.963453
8.963889
15.622663
16.428909
8.472494
4.529684
9.015170
14.445304
14.390145
17.973881
17.645914
19.166462
4.814768
16.312072
4.261573
9.592974
4.238515
8.592365
7.286932
10.502089
12.434070
10.725862
5.336307
18.749374
6.559814
7.424758
4.027832
17.678200
9.828498
6.928812
7.240859
11.603927
13.505375
20.676211
16.698462
5.861712
12.295922
15.994732
17.985425
20.948826
6.189283
1.191816
15.447732
17.138161
8.680141
19.300631
13.552374
15.614276
14.331453
16.986664
10.991677
2.306483
9.603442
15.126439
15.555855
12.974288
13.599130
17.792677
17.103983
18.884396
13.244365
10.016261
15.949650
14.240655
8.721573
12.162670
6.021033
7.890762
12.997477
18.037249
14.015168
9.976958
10.562327
12.051742
15.248008
6.039056
18.262386
21.347886
2.682019
17.973097
13.887594
7.999610
5.578059
4.537726
15.467781
13.434227
6.740805
20.827541
9.537828
12.697482
19.223779
13.220641
7.799996
8.865379
12.999852
7.658083
14.478117
18.708283
15.491943
8.834417
15.149801
18.482188
7.530529
20.019040
19.343443
7.178461
13.814886
19.585785
15.464991
5.927259
8.810288
18.361941
6.786318
3.262382
11.434314
19.113505
1.839820
11.393740
11.037552
13.958634
10.603653
5.048416
7.785208
19.048031
14.844859
21.056877
15.976589
2.359455
10.270297
16.172434
19.970597
18.012091
15.052391
19.682755
19.025821
9.219713
19.500086
11.230594
9.196863
8.970696
18.946398
10.120210
5.898023
4.187119
11.637588
7.109500
18.127346
13.774371
18.003442
15.483672
12.980323
19.961470
17.289625
7.057472
5.749286
11.599575
12.417221
12.070324
9.609756
13.021571
14.262860
16.282512
15.893478
11.719281
13.091086
4.332348
6.094952
5.518882
6.146190
6.550202
9.207494
19.956754
16.978673
7.759914
18.720824
17.080501
14.058309
17.639970
14.677644
3.787505
14.601883
8.246880
10.514653
18.420923
10.549140
7.734715
2.434253
7.960245
3.919380
6.954897
13.554568
13.353772
9.227903
17.152738
14.399870
20.021938
17.262320
4.433021
14.814654
8.752706
18.080401
11.832084
13.511042
18.347075
14.462279
11.311018
2.636928
6.904658
6.399185
17.691657
21.784368
19.308704
12.766339
4.612718
9.349444
18.838816
12.869067
4.364132
19.565901
16.306913
10.017367
9.975506
7.620366
19.984594
15.272696
4.606004
17.893690
3.222496
11.704043
16.579646
17.927869
16.938034
20.061665
19.751294
15.451370
12.308712
21.438121
19.049510
15.084595
13.905605
3.967281
12.885698
8.443494
8.194586
4.710051
14.586271
14.944441
17.082165
15.456560
2.551863
5.087349
19.113340
15.712951
5.168885
10.023812
10.346943
2.626514
5.798376
3.799996
9.624604
18.997768
11.046267
10.243901
9.743639
16.982814
16.555547
13.417192
17.155329
11.653785
2.861279
13.476894
18.565242
12.549748
20.210078
10.506500
12.271237
8.165514
14.840204
0.959892
19.571989
16.162864
8.735731
6.785977
12.679450
10.596158
9.870413
7.449591
11.440484
13.293145
15.969465
15.096257
9.137493
14.250196
11.699131
3.835209
20.579291
19.634555
4.742714
9.336009
15.894815
7.735903
10.315642
13.361176
16.116434
9.545608
9.300791
7.932995
10.724355
13.785290
6.684861
5.011666
15.899557
14.698404
16.799941
13.058174
3.604483
9.652742
3.934073
13.272575
12.170013
5.201477
8.336644
5.456395
10.643603
18.233027
15.451007
14.973505
10.399474
14.533211
9.675420
11.969885
4.006708
10.773174
18.237559
12.732007
18.631601
6.117512
3.948862
13.165239
16.037151
11.595705
4.688772
11.815194
13.074362
21.411352
18.610400
4.911142
17.456842
6.202035
9.163808
12.246336
19.067671
18.082002
16.537052
14.584015
6.509436
18.940615
8.553598
12.070150
14.488170
13.380930
8.552364
13.027336
7.565845
18.098228
18.043787
12.695109
10.355734
16.291563
18.948480
12.494196
5.784196
16.098977
4.607836
14.733315
21.155362
17.057196
9.606088
13.676434
8.437675
11.462864
13.279603
8.888840
3.259058
13.842643
9.651683
9.783312
8.889865
10.251906
19.503185
9.938936
6.500570
5.134855
16.184767
12.856370
6.321772
11.228864
17.144830
10.349924
2.691467
9.281718
6.521342
3.810502
9.113128
19.241360
10.689867
10.738260
6.532570
5.168051
17.257392
15.003914
11.473017
21.085639
17.600225
7.487547
14.258647
1.964733
18.979177
15.868234
3.148498
9.434360
6.888525
10.089947
3.577939
10.367056
15.194024
11.589135
8.923860
12.506670
15.873222
18.329535
6.421991
8.819250
9.216210
15.924507
14.213031
19.288640
17.129531
19.576731
18.956959
10.809120
4.013789
13.091093
18.984630
8.196787
5.986839
17.869516
4.350108
7.571453
13.055519
8.581556
15.675212
13.587364
3.980560
9.931505
12.969917
5.053366
10.090335
14.541518
19.760782
16.386416
7.956866
7.456040
