0 1.000000 0.000000
1 1.000000 -0.100000
2 0.998000 -0.192100
3 0.994158 -0.276724
4 0.988624 -0.354279
5 0.981538 -0.425153
6 0.973035 -0.489720
7 0.963240 -0.548335
8 0.952274 -0.601341
9 0.940247 -0.649062
10 0.927266 -0.691811
11 0.913429 -0.729885
12 0.898832 -0.763567
13 0.883560 -0.793128
14 0.867698 -0.818827
15 0.851321 -0.840909
16 0.834503 -0.859610
17 0.817311 -0.875151
18 0.799808 -0.887745
19 0.782053 -0.897594
20 0.764101 -0.904889
21 0.746003 -0.909813
22 0.727807 -0.912538
23 0.709556 -0.913229
24 0.691292 -0.912039
25 0.673051 -0.909117
26 0.654869 -0.904602
27 0.636777 -0.898625
28 0.618804 -0.891312
29 0.600978 -0.882778
30 0.583322 -0.873137
31 0.565860 -0.862491
32 0.548610 -0.850940
33 0.531591 -0.838577
34 0.514819 -0.825488
35 0.498310 -0.811757
36 0.482075 -0.797459
37 0.466125 -0.782667
38 0.450472 -0.767449
39 0.435123 -0.751868
40 0.420086 -0.735983
41 0.405366 -0.719848
42 0.390969 -0.703517
43 0.376899 -0.687036
44 0.363158 -0.670450
45 0.349749 -0.653800
46 0.336673 -0.637125
47 0.323930 -0.620459
48 0.311521 -0.603836
49 0.299445 -0.587285
50 0.287699 -0.570834
51 0.276282 -0.554508
52 0.265192 -0.538330
53 0.254425 -0.522321
54 0.243979 -0.506500
55 0.233849 -0.490885
56 0.224031 -0.475490
57 0.214521 -0.460329
58 0.205315 -0.445415
59 0.196407 -0.430759
60 0.187791 -0.416370
61 0.179464 -0.402256
62 0.171419 -0.388424
63 0.163650 -0.374880
64 0.156153 -0.361630
65 0.148920 -0.348676
66 0.141947 -0.336023
67 0.135226 -0.323672
68 0.128753 -0.311624
69 0.122520 -0.299881
70 0.116523 -0.288443
71 0.110754 -0.277308
72 0.105208 -0.266476
73 0.099878 -0.255945
74 0.094759 -0.245713
75 0.089845 -0.235778
76 0.085129 -0.226136
77 0.080607 -0.216784
78 0.076271 -0.207719
79 0.072117 -0.198936
80 0.068138 -0.190432
81 0.064329 -0.182202
82 0.060685 -0.174241
83 0.057200 -0.166544
84 0.053870 -0.159107
85 0.050687 -0.151925
86 0.047649 -0.144991
87 0.044749 -0.138302
88 0.041983 -0.131851
89 0.039346 -0.125633
90 0.036833 -0.119643
91 0.034441 -0.113874
92 0.032163 -0.108322
93 0.029997 -0.102981
94 0.027937 -0.097845
95 0.025980 -0.092909
96 0.024122 -0.088167
97 0.022359 -0.083614
98 0.020686 -0.079245
99 0.019101 -0.075053
100 0.017600 -0.071034
101 0.016180 -0.067182
102 0.014836 -0.063493
103 0.013566 -0.059960
104 0.012367 -0.056580
105 0.011235 -0.053347
106 0.010168 -0.050256
107 0.009163 -0.047303
108 0.008217 -0.044482
109 0.007328 -0.041790
110 0.006492 -0.039221
111 0.005707 -0.036772
112 0.004972 -0.034438
113 0.004283 -0.032214
114 0.003639 -0.030098
115 0.003037 -0.028084
116 0.002475 -0.026169
117 0.001952 -0.024349
118 0.001465 -0.022621
119 0.001012 -0.020980
120 0.000593 -0.019424
121 0.000204 -0.017949
122 -0.000155 -0.016551
123 -0.000486 -0.015228
124 -0.000790 -0.013977
125 -0.001070 -0.012793
126 -0.001326 -0.011676
127 -0.001559 -0.010621
128 -0.001772 -0.009626
129 -0.001964 -0.008688
130 -0.002138 -0.007806
131 -0.002294 -0.006975
132 -0.002433 -0.006195
133 -0.002557 -0.005462
134 -0.002667 -0.004775
135 -0.002762 -0.004131
136 -0.002845 -0.003528
137 -0.002915 -0.002965
138 -0.002975 -0.002439
139 -0.003023 -0.001949
140 -0.003062 -0.001493
141 -0.003092 -0.001069
142 -0.003114 -0.000675
143 -0.003127 -0.000310
144 -0.003133 0.000027
145 -0.003133 0.000338
146 -0.003126 0.000625
147 -0.003113 0.000888
148 -0.003096 0.001129
149 -0.003073 0.001349
150 -0.003046 0.001550
151 -0.003015 0.001732
152 -0.002980 0.001897
153 -0.002943 0.002045
154 -0.002902 0.002178
155 -0.002858 0.002296
156 -0.002812 0.002400
157 -0.002764 0.002492
158 -0.002714 0.002572
159 -0.002663 0.002640
160 -0.002610 0.002698
161 -0.002556 0.002745
162 -0.002501 0.002784
163 -0.002446 0.002814
164 -0.002389 0.002837
165 -0.002333 0.002851
166 -0.002275 0.002859
167 -0.002218 0.002861
168 -0.002161 0.002857
169 -0.002104 0.002847
170 -0.002047 0.002833
171 -0.001990 0.002814
172 -0.001934 0.002790
173 -0.001878 0.002763
174 -0.001823 0.002733
175 -0.001768 0.002699
176 -0.001714 0.002663
177 -0.001661 0.002624
178 -0.001609 0.002583
179 -0.001557 0.002540
180 -0.001506 0.002495
181 -0.001456 0.002448
182 -0.001407 0.002400
183 -0.001359 0.002352
184 -0.001312 0.002302
185 -0.001266 0.002251
186 -0.001221 0.002200
187 -0.001177 0.002148
188 -0.001134 0.002096
189 -0.001092 0.002044
190 -0.001051 0.001992
191 -0.001012 0.001940
192 -0.000973 0.001888
193 -0.000935 0.001836
194 -0.000898 0.001784
195 -0.000863 0.001733
196 -0.000828 0.001682
197 -0.000794 0.001632
198 -0.000762 0.001583
199 -0.000730 0.001534
200 -0.000699 0.001486
201 -0.000670 0.001438
202 -0.000641 0.001392
203 -0.000613 0.001346
204 -0.000586 0.001301
205 -0.000560 0.001257
206 -0.000535 0.001213
207 -0.000511 0.001171
208 -0.000487 0.001130
209 -0.000465 0.001089
210 -0.000443 0.001050
211 -0.000422 0.001011
212 -0.000402 0.000973
213 -0.000382 0.000937
214 -0.000364 0.000901
215 -0.000346 0.000866
216 -0.000328 0.000832
217 -0.000312 0.000799
218 -0.000296 0.000767
219 -0.000280 0.000736
220 -0.000266 0.000706
221 -0.000251 0.000677
222 -0.000238 0.000648
223 -0.000225 0.000621
224 -0.000212 0.000594
225 -0.000201 0.000569
226 -0.000189 0.000544
227 -0.000178 0.000520
228 -0.000168 0.000497
229 -0.000158 0.000474
230 -0.000149 0.000452
231 -0.000139 0.000432
232 -0.000131 0.000411
233 -0.000123 0.000392
234 -0.000115 0.000373
235 -0.000107 0.000355
236 -0.000100 0.000338
237 -0.000093 0.000321
238 -0.000087 0.000305
239 -0.000081 0.000290
240 -0.000075 0.000275
241 -0.000070 0.000261
242 -0.000064 0.000247
243 -0.000059 0.000234
244 -0.000055 0.000222
245 -0.000050 0.000210
246 -0.000046 0.000198
247 -0.000042 0.000187
248 -0.000038 0.000176
249 -0.000035 0.000166
250 -0.000032 0.000157
251 -0.000028 0.000147
252 -0.000026 0.000139
253 -0.000023 0.000130
254 -0.000020 0.000122
255 -0.000018 0.000115
256 -0.000015 0.000107
257 -0.000013 0.000100
258 -0.000011 0.000094
259 -0.000009 0.000087
260 -0.000008 0.000082
261 -0.000006 0.000076
262 -0.000004 0.000070
263 -0.000003 0.000065
264 -0.000002 0.000060
265 -0.000001 0.000056
266 0.000001 0.000052
267 0.000002 0.000047
268 0.000003 0.000043
269 0.000003 0.000040
270 0.000004 0.000036
271 0.000005 0.000033
272 0.000006 0.000030
273 0.000006 0.000027
274 0.000007 0.000024
275 0.000007 0.000022
276 0.000008 0.000019
277 0.000008 0.000017
278 0.000008 0.000015
279 0.000009 0.000013
280 0.000009 0.000011
281 0.000009 0.000009
282 0.000009 0.000008
283 0.000009 0.000006
284 0.000010 0.000005
285 0.000010 0.000003
286 0.000010 0.000002
287 0.000010 0.000001
288 0.000010 -0.000000
289 0.000010 -0.000001
290 0.000010 -0.000002
291 0.000010 -0.000003
292 0.000010 -0.000004
293 0.000010 -0.000004
294 0.000010 -0.000005
295 0.000009 -0.000005
296 0.000009 -0.000006
297 0.000009 -0.000006
298 0.000009 -0.000007
299 0.000009 -0.000007
300 0.000009 -0.000008
301 0.000009 -0.000008
302 0.000008 -0.000008
303 0.000008 -0.000008
304 0.000008 -0.000008
305 0.000008 -0.000009
306 0.000008 -0.000009
307 0.000008 -0.000009
308 0.000007 -0.000009
309 0.000007 -0.000009
310 0.000007 -0.000009
311 0.000007 -0.000009
312 0.000007 -0.000009
313 0.000007 -0.000009
314 0.000006 -0.000009
315 0.000006 -0.000009
316 0.000006 -0.000009
317 0.000006 -0.000009
318 0.000006 -0.000009
319 0.000006 -0.000008
320 0.000005 -0.000008
321 0.000005 -0.000008
322 0.000005 -0.000008
323 0.000005 -0.000008
324 0.000005 -0.000008
325 0.000005 -0.000008
326 0.000004 -0.000008
327 0.000004 -0.000007
328 0.000004 -0.000007
329 0.000004 -0.000007
330 0.000004 -0.000007
331 0.000004 -0.000007
332 0.000004 -0.000007
333 0.000003 -0.000006
334 0.000003 -0.000006
335 0.000003 -0.000006
336 0.000003 -0.000006
337 0.000003 -0.000006
338 0.000003 -0.000006
339 0.000003 -0.000005
340 0.000003 -0.000005
341 0.000002 -0.000005
342 0.000002 -0.000005
343 0.000002 -0.000005
344 0.000002 -0.000005
345 0.000002 -0.000004
346 0.000002 -0.000004
347 0.000002 -0.000004
348 0.000002 -0.000004
349 0.000002 -0.000004
350 0.000002 -0.000004
351 0.000002 -0.000004
352 0.000002 -0.000004
353 0.000001 -0.000003
354 0.000001 -0.000003
355 0.000001 -0.000003
356 0.000001 -0.000003
357 0.000001 -0.000003
358 0.000001 -0.000003
359 0.000001 -0.000003
360 0.000001 -0.000003
361 0.000001 -0.000002
362 0.000001 -0.000002
363 0.000001 -0.000002
364 0.000001 -0.000002
365 0.000001 -0.000002
366 0.000001 -0.000002
367 0.000001 -0.000002
368 0.000001 -0.000002
369 0.000001 -0.000002
370 0.000001 -0.000002
371 0.000001 -0.000002
372 0.000001 -0.000002
373 0.000000 -0.000001
374 0.000000 -0.000001
375 0.000000 -0.000001
376 0.000000 -0.000001
377 0.000000 -0.000001
378 0.000000 -0.000001
379 0.000000 -0.000001
380 0.000000 -0.000001
381 0.000000 -0.000001
382 0.000000 -0.000001
383 0.000000 -0.000001
384 0.000000 -0.000001
385 0.000000 -0.000001
386 0.000000 -0.000001
387 0.000000 -0.000001
388 0.000000 -0.000001
389 0.000000 -0.000001
390 0.000000 -0.000001
391 0.000000 -0.000001
392 0.000000 -0.000001
393 0.000000 -0.000001
394 0.000000 -0.000000
395 0.000000 -0.000000
396 0.000000 -0.000000
397 0.000000 -0.000000
398 0.000000 -0.000000
399 0.000000 -0.000000
400 0.000000 -0.000000
401 0.000000 -0.000000
402 0.000000 -0.000000
403 0.000000 -0.000000
404 0.000000 -0.000000
405 0.000000 -0.000000
406 0.000000 -0.000000
407 0.000000 -0.000000
408 0.000000 -0.000000
409 0.000000 -0.000000
410 -0.000000 -0.000000
411 -0.000000 -0.000000
412 -0.000000 -0.000000
413 -0.000000 -0.000000
414 -0.000000 -0.000000
415 -0.000000 -0.000000
416 -0.000000 -0.000000
417 -0.000000 -0.000000
418 -0.000000 -0.000000
419 -0.000000 -0.000000
420 -0.000000 -0.000000
421 -0.000000 -0.000000
422 -0.000000 -0.000000
423 -0.000000 -0.000000
424 -0.000000 -0.000000
425 -0.000000 -0.000000
426 -0.000000 -0.000000
427 -0.000000 -0.000000
428 -0.000000 -0.000000
429 -0.000000 -0.000000
430 -0.000000 -0.000000
431 -0.000000 -0.000000
432 -0.000000 0.000000
433 -0.000000 0.000000
434 -0.000000 0.000000
435 -0.000000 0.000000
436 -0.000000 0.000000
437 -0.000000 0.000000
438 -0.000000 0.000000
439 -0.000000 0.000000
440 -0.000000 0.000000
441 -0.000000 0.000000
442 -0.000000 0.000000
443 -0.000000 0.000000
444 -0.000000 0.000000
445 -0.000000 0.000000
446 -0.000000 0.000000
447 -0.000000 0.000000
448 -0.000000 0.000000
449 -0.000000 0.000000
450 -0.000000 0.000000
451 -0.000000 0.000000
452 -0.000000 0.000000
453 -0.000000 0.000000
454 -0.000000 0.000000
455 -0.000000 0.000000
456 -0.000000 0.000000
457 -0.000000 0.000000
458 -0.000000 0.000000
459 -0.000000 0.000000
460 -0.000000 0.000000
461 -0.000000 0.000000
462 -0.000000 0.000000
463 -0.000000 0.000000
464 -0.000000 0.000000
465 -0.000000 0.000000
466 -0.000000 0.000000
467 -0.000000 0.000000
468 -0.000000 0.000000
469 -0.000000 0.000000
470 -0.000000 0.000000
471 -0.000000 0.000000
472 -0.000000 0.000000
473 -0.000000 0.000000
474 -0.000000 0.000000
475 -0.000000 0.000000
476 -0.000000 0.000000
477 -0.000000 0.000000
478 -0.000000 0.000000
479 -0.000000 0.000000
480 -0.000000 0.000000
481 -0.000000 0.000000
482 -0.000000 0.000000
483 -0.000000 0.000000
484 -0.000000 0.000000
485 -0.000000 0.000000
486 -0.000000 0.000000
487 -0.000000 0.000000
488 -0.000000 0.000000
489 -0.000000 0.000000
490 -0.000000 0.000000
491 -0.000000 0.000000
492 -0.000000 0.000000
493 -0.000000 0.000000
494 -0.000000 0.000000
495 -0.000000 0.000000
496 -0.000000 0.000000
497 -0.000000 0.000000
498 -0.000000 0.000000
499 -0.000000 0.000000
500 -0.000000 0.000000
501 -0.000000 0.000000
502 -0.000000 0.000000
503 -0.000000 0.000000
504 -0.000000 0.000000
505 -0.000000 0.000000
506 -0.000000 0.000000
507 -0.000000 0.000000
508 -0.000000 0.000000
509 -0.000000 0.000000
510 -0.000000 0.000000
511 -0.000000 0.000000
512 -0.000000 0.000000
513 -0.000000 0.000000
514 -0.000000 0.000000
515 -0.000000 0.000000
516 -0.000000 0.000000
517 -0.000000 0.000000
518 -0.000000 0.000000
519 -0.000000 0.000000
520 -0.000000 0.000000
521 -0.000000 0.000000
522 -0.000000 0.000000
523 -0.000000 0.000000
524 -0.000000 0.000000
525 -0.000000 0.000000
526 -0.000000 0.000000
527 -0.000000 0.000000
528 -0.000000 0.000000
529 -0.000000 0.000000
530 -0.000000 0.000000
531 -0.000000 0.000000
532 -0.000000 0.000000
533 -0.000000 0.000000
534 -0.000000 0.000000
535 -0.000000 0.000000
536 -0.000000 0.000000
537 -0.000000 0.000000
538 -0.000000 0.000000
539 -0.000000 0.000000
540 -0.000000 0.000000
541 -0.000000 0.000000
542 -0.000000 0.000000
543 -0.000000 0.000000
544 -0.000000 0.000000
545 -0.000000 0.000000
546 -0.000000 0.000000
547 -0.000000 0.000000
548 -0.000000 0.000000
549 -0.000000 0.000000
550 -0.000000 0.000000
551 -0.000000 0.000000
552 -0.000000 0.000000
553 -0.000000 0.000000
554 0.000000 0.000000
555 0.000000 0.000000
556 0.000000 0.000000
557 0.000000 0.000000
558 0.000000 0.000000
559 0.000000 0.000000
560 0.000000 0.000000
561 0.000000 0.000000
562 0.000000 0.000000
563 0.000000 0.000000
564 0.000000 0.000000
565 0.000000 0.000000
566 0.000000 0.000000
567 0.000000 0.000000
568 0.000000 0.000000
569 0.000000 0.000000
570 0.000000 0.000000
571 0.000000 0.000000
572 0.000000 0.000000
573 0.000000 0.000000
574 0.000000 0.000000
575 0.000000 0.000000
576 0.000000 -0.000000
577 0.000000 -0.000000
578 0.000000 -0.000000
579 0.000000 -0.000000
580 0.000000 -0.000000
581 0.000000 -0.000000
582 0.000000 -0.000000
583 0.000000 -0.000000
584 0.000000 -0.000000
585 0.000000 -0.000000
586 0.000000 -0.000000
587 0.000000 -0.000000
588 0.000000 -0.000000
589 0.000000 -0.000000
590 0.000000 -0.000000
591 0.000000 -0.000000
592 0.000000 -0.000000
593 0.000000 -0.000000
594 0.000000 -0.000000
595 0.000000 -0.000000
596 0.000000 -0.000000
597 0.000000 -0.000000
598 0.000000 -0.000000
599 0.000000 -0.000000
